P(received from client):
0.8428571428571429 0.3357142857142857 0.7 0.75 0.7142857142857143 
1.956896551724138 1.3448275862068964 1.8620689655172413 1.7844827586206895 0.8620689655172413 
3.9883720930232562 3.08139534883721 3.6860465116279073 3.6279069767441863 1.1627906976744187 
1.8448979591836736 1.489795918367347 1.759183673469388 1.685714285714286 0.40816326530612246 

F(received from client):
19600 16240 12040 34300 
35840 29696 22016 62720 
47880 39672 29412 83790 
82180 68092 50482 143815 

The decoding matrix S:
118 47 98 105 100 
227 156 216 207 100 
343 265 317 312 100 
452 365 431 413 100 

The decode matrix R:
118 47 98 105 100 
109 109 118 102 0 
116 109 101 105 0 
109 100 114 101 0 
