(43,37),(0.3071428571428571,0.6206896551724137) (43,42),(0.3071428571428571,0.7155172413793103) (43,42),(0.3071428571428571,0.7155172413793103) (43,42),(0.3071428571428571,0.6982758620689655) (43,33),(0.3071428571428571,0.6637931034482758) 
(43,40),(0.3071428571428571,0.6896551724137931) (43,38),(0.3071428571428571,0.7413793103448276) (43,36),(0.3071428571428571,0.6293103448275862) (43,35),(0.3071428571428571,0.7241379310344828) (43,34),(0.3071428571428571,0.6810344827586207) 
(43,32),(0.3071428571428571,1.2093023255813955) (43,32),(0.3071428571428571,1.3488372093023258) (43,32),(0.3071428571428571,1.3372093023255816) (43,37),(0.3071428571428571,1.3953488372093026) (43,37),(0.3071428571428571,1.3720930232558142) 
(43,39),(0.3071428571428571,1.5116279069767444) (43,37),(0.3071428571428571,1.4767441860465118) (43,32),(0.3071428571428571,1.3720930232558142) (43,34),(0.3071428571428571,1.2441860465116281) (43,34),(0.3071428571428571,1.3720930232558142) 
(43,41),(0.3071428571428571,1.5232558139534884) (43,32),(0.3071428571428571,1.3372093023255816) (43,41),(0.3071428571428571,1.4418604651162794) (43,41),(0.3071428571428571,1.4651162790697678) (43,35),(0.3071428571428571,1.3953488372093026) 
(43,35),(0.3071428571428571,1.3372093023255816) (43,33),(0.3071428571428571,1.5000000000000002) (43,32),(0.3071428571428571,0.5551020408163265) (43,32),(0.3071428571428571,0.6204081632653061) (43,36),(0.3071428571428571,0.636734693877551) 
(43,42),(0.3071428571428571,0.7020408163265306) (43,33),(0.3071428571428571,0.653061224489796) (43,38),(0.3071428571428571,0.689795918367347) (43,38),(0.3071428571428571,0.6367346938775511) (43,33),(0.3071428571428571,0.6816326530612244) 
(43,39),(0.3071428571428571,0.6408163265306123) (43,40),(0.3071428571428571,0.6979591836734693) (43,39),(0.3071428571428571,0.7387755102040817) (43,32),(0.3071428571428571,0.6000000000000001) (43,34),(0.3071428571428571,0.6448979591836735) 
(43,34),(0.3071428571428571,0.6285714285714287) (43,41),(0.3071428571428571,0.6367346938775511) (35,33),(0.25,0.6637931034482758) (35,34),(0.25,0.6810344827586207) (35,32),(0.25,1.2093023255813955) 
(35,32),(0.25,1.3488372093023258) (35,32),(0.25,1.3372093023255816) (35,32),(0.25,1.3720930232558142) (35,34),(0.25,1.2441860465116281) (35,34),(0.25,1.3720930232558142) 
(35,32),(0.25,1.3372093023255816) (35,33),(0.25,1.5000000000000002) (35,32),(0.25,0.5551020408163265) (35,32),(0.25,0.6204081632653061) (35,33),(0.25,0.653061224489796) 
(35,33),(0.25,0.6816326530612244) (35,32),(0.25,0.6000000000000001) (35,34),(0.25,0.6448979591836735) (35,34),(0.25,0.6285714285714287) (34,33),(0.24285714285714285,0.6637931034482758) 
(34,32),(0.24285714285714285,1.2093023255813955) (34,32),(0.24285714285714285,1.3488372093023258) (34,32),(0.24285714285714285,1.3372093023255816) (34,32),(0.24285714285714285,1.3720930232558142) (34,32),(0.24285714285714285,1.3372093023255816) 
(34,33),(0.24285714285714285,1.5000000000000002) (34,32),(0.24285714285714285,0.5551020408163265) (34,32),(0.24285714285714285,0.6204081632653061) (34,33),(0.24285714285714285,0.653061224489796) (34,33),(0.24285714285714285,0.6816326530612244) 
(34,32),(0.24285714285714285,0.6000000000000001) (36,33),(0.2571428571428571,0.6637931034482758) (36,35),(0.2571428571428571,0.7241379310344828) (36,34),(0.2571428571428571,0.6810344827586207) (36,32),(0.2571428571428571,1.2093023255813955) 
(36,32),(0.2571428571428571,1.3488372093023258) (36,32),(0.2571428571428571,1.3372093023255816) (36,32),(0.2571428571428571,1.3720930232558142) (36,34),(0.2571428571428571,1.2441860465116281) (36,34),(0.2571428571428571,1.3720930232558142) 
(36,32),(0.2571428571428571,1.3372093023255816) (36,35),(0.2571428571428571,1.3953488372093026) (36,35),(0.2571428571428571,1.3372093023255816) (36,33),(0.2571428571428571,1.5000000000000002) (36,32),(0.2571428571428571,0.5551020408163265) 
(36,32),(0.2571428571428571,0.6204081632653061) (36,33),(0.2571428571428571,0.653061224489796) (36,33),(0.2571428571428571,0.6816326530612244) (36,32),(0.2571428571428571,0.6000000000000001) (36,34),(0.2571428571428571,0.6448979591836735) 
(36,34),(0.2571428571428571,0.6285714285714287) (41,37),(0.29285714285714287,0.6206896551724137) (41,33),(0.29285714285714287,0.6637931034482758) (41,40),(0.29285714285714287,0.6896551724137931) (41,38),(0.29285714285714287,0.7413793103448276) 
(41,36),(0.29285714285714287,0.6293103448275862) (41,35),(0.29285714285714287,0.7241379310344828) (41,34),(0.29285714285714287,0.6810344827586207) (41,32),(0.29285714285714287,1.2093023255813955) (41,32),(0.29285714285714287,1.3488372093023258) 
(41,32),(0.29285714285714287,1.3372093023255816) (41,37),(0.29285714285714287,1.3953488372093026) (41,37),(0.29285714285714287,1.3720930232558142) (41,39),(0.29285714285714287,1.5116279069767444) (41,37),(0.29285714285714287,1.4767441860465118) 
(41,32),(0.29285714285714287,1.3720930232558142) (41,34),(0.29285714285714287,1.2441860465116281) (41,34),(0.29285714285714287,1.3720930232558142) (41,32),(0.29285714285714287,1.3372093023255816) (41,35),(0.29285714285714287,1.3953488372093026) 
(41,35),(0.29285714285714287,1.3372093023255816) (41,33),(0.29285714285714287,1.5000000000000002) (41,32),(0.29285714285714287,0.5551020408163265) (41,32),(0.29285714285714287,0.6204081632653061) (41,36),(0.29285714285714287,0.636734693877551) 
(41,33),(0.29285714285714287,0.653061224489796) (41,38),(0.29285714285714287,0.689795918367347) (41,38),(0.29285714285714287,0.6367346938775511) (41,33),(0.29285714285714287,0.6816326530612244) (41,39),(0.29285714285714287,0.6408163265306123) 
(41,40),(0.29285714285714287,0.6979591836734693) (41,39),(0.29285714285714287,0.7387755102040817) (41,32),(0.29285714285714287,0.6000000000000001) (41,34),(0.29285714285714287,0.6448979591836735) (41,34),(0.29285714285714287,0.6285714285714287) 
(41,37),(0.29285714285714287,0.6206896551724137) (41,33),(0.29285714285714287,0.6637931034482758) (41,40),(0.29285714285714287,0.6896551724137931) (41,38),(0.29285714285714287,0.7413793103448276) (41,36),(0.29285714285714287,0.6293103448275862) 
(41,35),(0.29285714285714287,0.7241379310344828) (41,34),(0.29285714285714287,0.6810344827586207) (41,32),(0.29285714285714287,1.2093023255813955) (41,32),(0.29285714285714287,1.3488372093023258) (41,32),(0.29285714285714287,1.3372093023255816) 
(41,37),(0.29285714285714287,1.3953488372093026) (41,37),(0.29285714285714287,1.3720930232558142) (41,39),(0.29285714285714287,1.5116279069767444) (41,37),(0.29285714285714287,1.4767441860465118) (41,32),(0.29285714285714287,1.3720930232558142) 
(41,34),(0.29285714285714287,1.2441860465116281) (41,34),(0.29285714285714287,1.3720930232558142) (41,32),(0.29285714285714287,1.3372093023255816) (41,35),(0.29285714285714287,1.3953488372093026) (41,35),(0.29285714285714287,1.3372093023255816) 
(41,33),(0.29285714285714287,1.5000000000000002) (41,32),(0.29285714285714287,0.5551020408163265) (41,32),(0.29285714285714287,0.6204081632653061) (41,36),(0.29285714285714287,0.636734693877551) (41,33),(0.29285714285714287,0.653061224489796) 
(41,38),(0.29285714285714287,0.689795918367347) (41,38),(0.29285714285714287,0.6367346938775511) (41,33),(0.29285714285714287,0.6816326530612244) (41,39),(0.29285714285714287,0.6408163265306123) (41,40),(0.29285714285714287,0.6979591836734693) 
(41,39),(0.29285714285714287,0.7387755102040817) (41,32),(0.29285714285714287,0.6000000000000001) (41,34),(0.29285714285714287,0.6448979591836735) (41,34),(0.29285714285714287,0.6285714285714287) (39,37),(0.2785714285714286,0.6206896551724137) 
(39,33),(0.2785714285714286,0.6637931034482758) (39,38),(0.2785714285714286,0.7413793103448276) (39,36),(0.2785714285714286,0.6293103448275862) (39,35),(0.2785714285714286,0.7241379310344828) (39,34),(0.2785714285714286,0.6810344827586207) 
(39,32),(0.2785714285714286,1.2093023255813955) (39,32),(0.2785714285714286,1.3488372093023258) (39,32),(0.2785714285714286,1.3372093023255816) (39,37),(0.2785714285714286,1.3953488372093026) (39,37),(0.2785714285714286,1.3720930232558142) 
(39,37),(0.2785714285714286,1.4767441860465118) (39,32),(0.2785714285714286,1.3720930232558142) (39,34),(0.2785714285714286,1.2441860465116281) (39,34),(0.2785714285714286,1.3720930232558142) (39,32),(0.2785714285714286,1.3372093023255816) 
(39,35),(0.2785714285714286,1.3953488372093026) (39,35),(0.2785714285714286,1.3372093023255816) (39,33),(0.2785714285714286,1.5000000000000002) (39,32),(0.2785714285714286,0.5551020408163265) (39,32),(0.2785714285714286,0.6204081632653061) 
(39,36),(0.2785714285714286,0.636734693877551) (39,33),(0.2785714285714286,0.653061224489796) (39,38),(0.2785714285714286,0.689795918367347) (39,38),(0.2785714285714286,0.6367346938775511) (39,33),(0.2785714285714286,0.6816326530612244) 
(39,32),(0.2785714285714286,0.6000000000000001) (39,34),(0.2785714285714286,0.6448979591836735) (39,34),(0.2785714285714286,0.6285714285714287) (44,37),(0.3142857142857143,0.6206896551724137) (44,42),(0.3142857142857143,0.7155172413793103) 
(44,42),(0.3142857142857143,0.7155172413793103) (44,42),(0.3142857142857143,0.6982758620689655) (44,33),(0.3142857142857143,0.6637931034482758) (44,43),(0.3142857142857143,0.7327586206896552) (44,43),(0.3142857142857143,0.7844827586206897) 
(44,40),(0.3142857142857143,0.6896551724137931) (44,38),(0.3142857142857143,0.7413793103448276) (44,36),(0.3142857142857143,0.6293103448275862) (44,43),(0.3142857142857143,0.7241379310344828) (44,35),(0.3142857142857143,0.7241379310344828) 
(44,34),(0.3142857142857143,0.6810344827586207) (44,43),(0.3142857142857143,0.7155172413793104) (44,32),(0.3142857142857143,1.2093023255813955) (44,32),(0.3142857142857143,1.3488372093023258) (44,32),(0.3142857142857143,1.3372093023255816) 
(44,37),(0.3142857142857143,1.3953488372093026) (44,37),(0.3142857142857143,1.3720930232558142) (44,43),(0.3142857142857143,1.3953488372093026) (44,39),(0.3142857142857143,1.5116279069767444) (44,37),(0.3142857142857143,1.4767441860465118) 
(44,32),(0.3142857142857143,1.3720930232558142) (44,34),(0.3142857142857143,1.2441860465116281) (44,34),(0.3142857142857143,1.3720930232558142) (44,41),(0.3142857142857143,1.5232558139534884) (44,32),(0.3142857142857143,1.3372093023255816) 
(44,41),(0.3142857142857143,1.4418604651162794) (44,41),(0.3142857142857143,1.4651162790697678) (44,35),(0.3142857142857143,1.3953488372093026) (44,35),(0.3142857142857143,1.3372093023255816) (44,33),(0.3142857142857143,1.5000000000000002) 
(44,32),(0.3142857142857143,0.5551020408163265) (44,32),(0.3142857142857143,0.6204081632653061) (44,36),(0.3142857142857143,0.636734693877551) (44,42),(0.3142857142857143,0.7020408163265306) (44,33),(0.3142857142857143,0.653061224489796) 
(44,38),(0.3142857142857143,0.689795918367347) (44,38),(0.3142857142857143,0.6367346938775511) (44,33),(0.3142857142857143,0.6816326530612244) (44,39),(0.3142857142857143,0.6408163265306123) (44,40),(0.3142857142857143,0.6979591836734693) 
(44,39),(0.3142857142857143,0.7387755102040817) (44,32),(0.3142857142857143,0.6000000000000001) (44,34),(0.3142857142857143,0.6448979591836735) (44,34),(0.3142857142857143,0.6285714285714287) (44,41),(0.3142857142857143,0.6367346938775511) 
(42,37),(0.3,0.6206896551724137) (42,33),(0.3,0.6637931034482758) (42,40),(0.3,0.6896551724137931) (42,38),(0.3,0.7413793103448276) (42,36),(0.3,0.6293103448275862) 
(42,35),(0.3,0.7241379310344828) (42,34),(0.3,0.6810344827586207) (42,32),(0.3,1.2093023255813955) (42,32),(0.3,1.3488372093023258) (42,32),(0.3,1.3372093023255816) 
(42,37),(0.3,1.3953488372093026) (42,37),(0.3,1.3720930232558142) (42,39),(0.3,1.5116279069767444) (42,37),(0.3,1.4767441860465118) (42,32),(0.3,1.3720930232558142) 
(42,34),(0.3,1.2441860465116281) (42,34),(0.3,1.3720930232558142) (42,41),(0.3,1.5232558139534884) (42,32),(0.3,1.3372093023255816) (42,41),(0.3,1.4418604651162794) 
(42,41),(0.3,1.4651162790697678) (42,35),(0.3,1.3953488372093026) (42,35),(0.3,1.3372093023255816) (42,33),(0.3,1.5000000000000002) (42,32),(0.3,0.5551020408163265) 
(42,32),(0.3,0.6204081632653061) (42,36),(0.3,0.636734693877551) (42,33),(0.3,0.653061224489796) (42,38),(0.3,0.689795918367347) (42,38),(0.3,0.6367346938775511) 
(42,33),(0.3,0.6816326530612244) (42,39),(0.3,0.6408163265306123) (42,40),(0.3,0.6979591836734693) (42,39),(0.3,0.7387755102040817) (42,32),(0.3,0.6000000000000001) 
(42,34),(0.3,0.6448979591836735) (42,34),(0.3,0.6285714285714287) (42,41),(0.3,0.6367346938775511) (48,37),(0.34285714285714286,0.6206896551724137) (48,42),(0.34285714285714286,0.7155172413793103) 
(48,42),(0.34285714285714286,0.7155172413793103) (48,42),(0.34285714285714286,0.6982758620689655) (48,33),(0.34285714285714286,0.6637931034482758) (48,43),(0.34285714285714286,0.7327586206896552) (48,43),(0.34285714285714286,0.7844827586206897) 
(48,46),(0.34285714285714286,0.7758620689655172) (48,40),(0.34285714285714286,0.6896551724137931) (48,38),(0.34285714285714286,0.7413793103448276) (48,36),(0.34285714285714286,0.6293103448275862) (48,43),(0.34285714285714286,0.7241379310344828) 
(48,35),(0.34285714285714286,0.7241379310344828) (48,34),(0.34285714285714286,0.6810344827586207) (48,43),(0.34285714285714286,0.7155172413793104) (48,46),(0.34285714285714286,0.7327586206896552) (48,47),(0.34285714285714286,0.7327586206896551) 
(48,47),(0.34285714285714286,0.6896551724137931) (48,47),(0.34285714285714286,0.8275862068965517) (48,45),(0.34285714285714286,1.5813953488372094) (48,32),(0.34285714285714286,1.2093023255813955) (48,32),(0.34285714285714286,1.3488372093023258) 
(48,44),(0.34285714285714286,1.5000000000000002) (48,32),(0.34285714285714286,1.3372093023255816) (48,37),(0.34285714285714286,1.3953488372093026) (48,37),(0.34285714285714286,1.3720930232558142) (48,43),(0.34285714285714286,1.3953488372093026) 
(48,47),(0.34285714285714286,1.5348837209302328) (48,39),(0.34285714285714286,1.5116279069767444) (48,37),(0.34285714285714286,1.4767441860465118) (48,32),(0.34285714285714286,1.3720930232558142) (48,34),(0.34285714285714286,1.2441860465116281) 
(48,34),(0.34285714285714286,1.3720930232558142) (48,41),(0.34285714285714286,1.5232558139534884) (48,32),(0.34285714285714286,1.3372093023255816) (48,41),(0.34285714285714286,1.4418604651162794) (48,41),(0.34285714285714286,1.4651162790697678) 
(48,35),(0.34285714285714286,1.3953488372093026) (48,35),(0.34285714285714286,1.3372093023255816) (48,33),(0.34285714285714286,1.5000000000000002) (48,32),(0.34285714285714286,0.5551020408163265) (48,45),(0.34285714285714286,0.653061224489796) 
(48,32),(0.34285714285714286,0.6204081632653061) (48,36),(0.34285714285714286,0.636734693877551) (48,42),(0.34285714285714286,0.7020408163265306) (48,33),(0.34285714285714286,0.653061224489796) (48,38),(0.34285714285714286,0.689795918367347) 
(48,38),(0.34285714285714286,0.6367346938775511) (48,44),(0.34285714285714286,0.616326530612245) (48,33),(0.34285714285714286,0.6816326530612244) (48,39),(0.34285714285714286,0.6408163265306123) (48,40),(0.34285714285714286,0.6979591836734693) 
(48,39),(0.34285714285714286,0.7387755102040817) (48,32),(0.34285714285714286,0.6000000000000001) (48,34),(0.34285714285714286,0.6448979591836735) (48,45),(0.34285714285714286,0.6979591836734694) (48,34),(0.34285714285714286,0.6285714285714287) 
(48,41),(0.34285714285714286,0.6367346938775511) (48,47),(0.34285714285714286,0.7183673469387757) (44,37),(0.3142857142857143,0.6206896551724137) (44,42),(0.3142857142857143,0.7155172413793103) (44,42),(0.3142857142857143,0.7155172413793103) 
(44,42),(0.3142857142857143,0.6982758620689655) (44,33),(0.3142857142857143,0.6637931034482758) (44,43),(0.3142857142857143,0.7327586206896552) (44,43),(0.3142857142857143,0.7844827586206897) (44,40),(0.3142857142857143,0.6896551724137931) 
(44,38),(0.3142857142857143,0.7413793103448276) (44,36),(0.3142857142857143,0.6293103448275862) (44,43),(0.3142857142857143,0.7241379310344828) (44,35),(0.3142857142857143,0.7241379310344828) (44,34),(0.3142857142857143,0.6810344827586207) 
(44,43),(0.3142857142857143,0.7155172413793104) (44,32),(0.3142857142857143,1.2093023255813955) (44,32),(0.3142857142857143,1.3488372093023258) (44,32),(0.3142857142857143,1.3372093023255816) (44,37),(0.3142857142857143,1.3953488372093026) 
(44,37),(0.3142857142857143,1.3720930232558142) (44,43),(0.3142857142857143,1.3953488372093026) (44,39),(0.3142857142857143,1.5116279069767444) (44,37),(0.3142857142857143,1.4767441860465118) (44,32),(0.3142857142857143,1.3720930232558142) 
(44,34),(0.3142857142857143,1.2441860465116281) (44,34),(0.3142857142857143,1.3720930232558142) (44,41),(0.3142857142857143,1.5232558139534884) (44,32),(0.3142857142857143,1.3372093023255816) (44,41),(0.3142857142857143,1.4418604651162794) 
(44,41),(0.3142857142857143,1.4651162790697678) (44,35),(0.3142857142857143,1.3953488372093026) (44,35),(0.3142857142857143,1.3372093023255816) (44,33),(0.3142857142857143,1.5000000000000002) (44,32),(0.3142857142857143,0.5551020408163265) 
(44,32),(0.3142857142857143,0.6204081632653061) (44,36),(0.3142857142857143,0.636734693877551) (44,42),(0.3142857142857143,0.7020408163265306) (44,33),(0.3142857142857143,0.653061224489796) (44,38),(0.3142857142857143,0.689795918367347) 
(44,38),(0.3142857142857143,0.6367346938775511) (44,33),(0.3142857142857143,0.6816326530612244) (44,39),(0.3142857142857143,0.6408163265306123) (44,40),(0.3142857142857143,0.6979591836734693) (44,39),(0.3142857142857143,0.7387755102040817) 
(44,32),(0.3142857142857143,0.6000000000000001) (44,34),(0.3142857142857143,0.6448979591836735) (44,34),(0.3142857142857143,0.6285714285714287) (44,41),(0.3142857142857143,0.6367346938775511) (40,37),(0.2857142857142857,0.6206896551724137) 
(40,33),(0.2857142857142857,0.6637931034482758) (40,38),(0.2857142857142857,0.7413793103448276) (40,36),(0.2857142857142857,0.6293103448275862) (40,35),(0.2857142857142857,0.7241379310344828) (40,34),(0.2857142857142857,0.6810344827586207) 
(40,32),(0.2857142857142857,1.2093023255813955) (40,32),(0.2857142857142857,1.3488372093023258) (40,32),(0.2857142857142857,1.3372093023255816) (40,37),(0.2857142857142857,1.3953488372093026) (40,37),(0.2857142857142857,1.3720930232558142) 
(40,39),(0.2857142857142857,1.5116279069767444) (40,37),(0.2857142857142857,1.4767441860465118) (40,32),(0.2857142857142857,1.3720930232558142) (40,34),(0.2857142857142857,1.2441860465116281) (40,34),(0.2857142857142857,1.3720930232558142) 
(40,32),(0.2857142857142857,1.3372093023255816) (40,35),(0.2857142857142857,1.3953488372093026) (40,35),(0.2857142857142857,1.3372093023255816) (40,33),(0.2857142857142857,1.5000000000000002) (40,32),(0.2857142857142857,0.5551020408163265) 
(40,32),(0.2857142857142857,0.6204081632653061) (40,36),(0.2857142857142857,0.636734693877551) (40,33),(0.2857142857142857,0.653061224489796) (40,38),(0.2857142857142857,0.689795918367347) (40,38),(0.2857142857142857,0.6367346938775511) 
(40,33),(0.2857142857142857,0.6816326530612244) (40,39),(0.2857142857142857,0.6408163265306123) (40,39),(0.2857142857142857,0.7387755102040817) (40,32),(0.2857142857142857,0.6000000000000001) (40,34),(0.2857142857142857,0.6448979591836735) 
(40,34),(0.2857142857142857,0.6285714285714287) (48,37),(0.34285714285714286,0.6206896551724137) (48,42),(0.34285714285714286,0.7155172413793103) (48,42),(0.34285714285714286,0.7155172413793103) (48,42),(0.34285714285714286,0.6982758620689655) 
(48,33),(0.34285714285714286,0.6637931034482758) (48,43),(0.34285714285714286,0.7327586206896552) (48,43),(0.34285714285714286,0.7844827586206897) (48,46),(0.34285714285714286,0.7758620689655172) (48,40),(0.34285714285714286,0.6896551724137931) 
(48,38),(0.34285714285714286,0.7413793103448276) (48,36),(0.34285714285714286,0.6293103448275862) (48,43),(0.34285714285714286,0.7241379310344828) (48,35),(0.34285714285714286,0.7241379310344828) (48,34),(0.34285714285714286,0.6810344827586207) 
(48,43),(0.34285714285714286,0.7155172413793104) (48,46),(0.34285714285714286,0.7327586206896552) (48,47),(0.34285714285714286,0.7327586206896551) (48,47),(0.34285714285714286,0.6896551724137931) (48,47),(0.34285714285714286,0.8275862068965517) 
(48,45),(0.34285714285714286,1.5813953488372094) (48,32),(0.34285714285714286,1.2093023255813955) (48,32),(0.34285714285714286,1.3488372093023258) (48,44),(0.34285714285714286,1.5000000000000002) (48,32),(0.34285714285714286,1.3372093023255816) 
(48,37),(0.34285714285714286,1.3953488372093026) (48,37),(0.34285714285714286,1.3720930232558142) (48,43),(0.34285714285714286,1.3953488372093026) (48,47),(0.34285714285714286,1.5348837209302328) (48,39),(0.34285714285714286,1.5116279069767444) 
(48,37),(0.34285714285714286,1.4767441860465118) (48,32),(0.34285714285714286,1.3720930232558142) (48,34),(0.34285714285714286,1.2441860465116281) (48,34),(0.34285714285714286,1.3720930232558142) (48,41),(0.34285714285714286,1.5232558139534884) 
(48,32),(0.34285714285714286,1.3372093023255816) (48,41),(0.34285714285714286,1.4418604651162794) (48,41),(0.34285714285714286,1.4651162790697678) (48,35),(0.34285714285714286,1.3953488372093026) (48,35),(0.34285714285714286,1.3372093023255816) 
(48,33),(0.34285714285714286,1.5000000000000002) (48,32),(0.34285714285714286,0.5551020408163265) (48,45),(0.34285714285714286,0.653061224489796) (48,32),(0.34285714285714286,0.6204081632653061) (48,36),(0.34285714285714286,0.636734693877551) 
(48,42),(0.34285714285714286,0.7020408163265306) (48,33),(0.34285714285714286,0.653061224489796) (48,38),(0.34285714285714286,0.689795918367347) (48,38),(0.34285714285714286,0.6367346938775511) (48,44),(0.34285714285714286,0.616326530612245) 
(48,33),(0.34285714285714286,0.6816326530612244) (48,39),(0.34285714285714286,0.6408163265306123) (48,40),(0.34285714285714286,0.6979591836734693) (48,39),(0.34285714285714286,0.7387755102040817) (48,32),(0.34285714285714286,0.6000000000000001) 
(48,34),(0.34285714285714286,0.6448979591836735) (48,45),(0.34285714285714286,0.6979591836734694) (48,34),(0.34285714285714286,0.6285714285714287) (48,41),(0.34285714285714286,0.6367346938775511) (48,47),(0.34285714285714286,0.7183673469387757) 
(37,33),(0.2642857142857143,0.6637931034482758) (37,36),(0.2642857142857143,0.6293103448275862) (37,35),(0.2642857142857143,0.7241379310344828) (37,34),(0.2642857142857143,0.6810344827586207) (37,32),(0.2642857142857143,1.2093023255813955) 
(37,32),(0.2642857142857143,1.3488372093023258) (37,32),(0.2642857142857143,1.3372093023255816) (37,32),(0.2642857142857143,1.3720930232558142) (37,34),(0.2642857142857143,1.2441860465116281) (37,34),(0.2642857142857143,1.3720930232558142) 
(37,32),(0.2642857142857143,1.3372093023255816) (37,35),(0.2642857142857143,1.3953488372093026) (37,35),(0.2642857142857143,1.3372093023255816) (37,33),(0.2642857142857143,1.5000000000000002) (37,32),(0.2642857142857143,0.5551020408163265) 
(37,32),(0.2642857142857143,0.6204081632653061) (37,36),(0.2642857142857143,0.636734693877551) (37,33),(0.2642857142857143,0.653061224489796) (37,33),(0.2642857142857143,0.6816326530612244) (37,32),(0.2642857142857143,0.6000000000000001) 
(37,34),(0.2642857142857143,0.6448979591836735) (37,34),(0.2642857142857143,0.6285714285714287) (41,37),(0.29285714285714287,0.6206896551724137) (41,33),(0.29285714285714287,0.6637931034482758) (41,40),(0.29285714285714287,0.6896551724137931) 
(41,38),(0.29285714285714287,0.7413793103448276) (41,36),(0.29285714285714287,0.6293103448275862) (41,35),(0.29285714285714287,0.7241379310344828) (41,34),(0.29285714285714287,0.6810344827586207) (41,32),(0.29285714285714287,1.2093023255813955) 
(41,32),(0.29285714285714287,1.3488372093023258) (41,32),(0.29285714285714287,1.3372093023255816) (41,37),(0.29285714285714287,1.3953488372093026) (41,37),(0.29285714285714287,1.3720930232558142) (41,39),(0.29285714285714287,1.5116279069767444) 
(41,37),(0.29285714285714287,1.4767441860465118) (41,32),(0.29285714285714287,1.3720930232558142) (41,34),(0.29285714285714287,1.2441860465116281) (41,34),(0.29285714285714287,1.3720930232558142) (41,32),(0.29285714285714287,1.3372093023255816) 
(41,35),(0.29285714285714287,1.3953488372093026) (41,35),(0.29285714285714287,1.3372093023255816) (41,33),(0.29285714285714287,1.5000000000000002) (41,32),(0.29285714285714287,0.5551020408163265) (41,32),(0.29285714285714287,0.6204081632653061) 
(41,36),(0.29285714285714287,0.636734693877551) (41,33),(0.29285714285714287,0.653061224489796) (41,38),(0.29285714285714287,0.689795918367347) (41,38),(0.29285714285714287,0.6367346938775511) (41,33),(0.29285714285714287,0.6816326530612244) 
(41,39),(0.29285714285714287,0.6408163265306123) (41,40),(0.29285714285714287,0.6979591836734693) (41,39),(0.29285714285714287,0.7387755102040817) (41,32),(0.29285714285714287,0.6000000000000001) (41,34),(0.29285714285714287,0.6448979591836735) 
(41,34),(0.29285714285714287,0.6285714285714287) (49,48),(0.35,0.7844827586206897) (49,37),(0.35,0.6206896551724137) (49,42),(0.35,0.7155172413793103) (49,42),(0.35,0.7155172413793103) 
(49,42),(0.35,0.6982758620689655) (49,33),(0.35,0.6637931034482758) (49,43),(0.35,0.7327586206896552) (49,43),(0.35,0.7844827586206897) (49,46),(0.35,0.7758620689655172) 
(49,40),(0.35,0.6896551724137931) (49,38),(0.35,0.7413793103448276) (49,36),(0.35,0.6293103448275862) (49,43),(0.35,0.7241379310344828) (49,35),(0.35,0.7241379310344828) 
(49,34),(0.35,0.6810344827586207) (49,43),(0.35,0.7155172413793104) (49,46),(0.35,0.7327586206896552) (49,47),(0.35,0.7327586206896551) (49,47),(0.35,0.6896551724137931) 
(49,47),(0.35,0.8275862068965517) (49,45),(0.35,1.5813953488372094) (49,32),(0.35,1.2093023255813955) (49,32),(0.35,1.3488372093023258) (49,44),(0.35,1.5000000000000002) 
(49,32),(0.35,1.3372093023255816) (49,37),(0.35,1.3953488372093026) (49,37),(0.35,1.3720930232558142) (49,43),(0.35,1.3953488372093026) (49,47),(0.35,1.5348837209302328) 
(49,39),(0.35,1.5116279069767444) (49,37),(0.35,1.4767441860465118) (49,32),(0.35,1.3720930232558142) (49,34),(0.35,1.2441860465116281) (49,34),(0.35,1.3720930232558142) 
(49,41),(0.35,1.5232558139534884) (49,32),(0.35,1.3372093023255816) (49,41),(0.35,1.4418604651162794) (49,41),(0.35,1.4651162790697678) (49,35),(0.35,1.3953488372093026) 
(49,35),(0.35,1.3372093023255816) (49,33),(0.35,1.5000000000000002) (49,32),(0.35,0.5551020408163265) (49,45),(0.35,0.653061224489796) (49,32),(0.35,0.6204081632653061) 
(49,48),(0.35,0.6775510204081633) (49,36),(0.35,0.636734693877551) (49,42),(0.35,0.7020408163265306) (49,33),(0.35,0.653061224489796) (49,38),(0.35,0.689795918367347) 
(49,38),(0.35,0.6367346938775511) (49,44),(0.35,0.616326530612245) (49,33),(0.35,0.6816326530612244) (49,39),(0.35,0.6408163265306123) (49,40),(0.35,0.6979591836734693) 
(49,39),(0.35,0.7387755102040817) (49,32),(0.35,0.6000000000000001) (49,34),(0.35,0.6448979591836735) (49,45),(0.35,0.6979591836734694) (49,34),(0.35,0.6285714285714287) 
(49,41),(0.35,0.6367346938775511) (49,47),(0.35,0.7183673469387757) (40,37),(0.2857142857142857,0.6206896551724137) (40,33),(0.2857142857142857,0.6637931034482758) (40,38),(0.2857142857142857,0.7413793103448276) 
(40,36),(0.2857142857142857,0.6293103448275862) (40,35),(0.2857142857142857,0.7241379310344828) (40,34),(0.2857142857142857,0.6810344827586207) (40,32),(0.2857142857142857,1.2093023255813955) (40,32),(0.2857142857142857,1.3488372093023258) 
(40,32),(0.2857142857142857,1.3372093023255816) (40,37),(0.2857142857142857,1.3953488372093026) (40,37),(0.2857142857142857,1.3720930232558142) (40,39),(0.2857142857142857,1.5116279069767444) (40,37),(0.2857142857142857,1.4767441860465118) 
(40,32),(0.2857142857142857,1.3720930232558142) (40,34),(0.2857142857142857,1.2441860465116281) (40,34),(0.2857142857142857,1.3720930232558142) (40,32),(0.2857142857142857,1.3372093023255816) (40,35),(0.2857142857142857,1.3953488372093026) 
(40,35),(0.2857142857142857,1.3372093023255816) (40,33),(0.2857142857142857,1.5000000000000002) (40,32),(0.2857142857142857,0.5551020408163265) (40,32),(0.2857142857142857,0.6204081632653061) (40,36),(0.2857142857142857,0.636734693877551) 
(40,33),(0.2857142857142857,0.653061224489796) (40,38),(0.2857142857142857,0.689795918367347) (40,38),(0.2857142857142857,0.6367346938775511) (40,33),(0.2857142857142857,0.6816326530612244) (40,39),(0.2857142857142857,0.6408163265306123) 
(40,39),(0.2857142857142857,0.7387755102040817) (40,32),(0.2857142857142857,0.6000000000000001) (40,34),(0.2857142857142857,0.6448979591836735) (40,34),(0.2857142857142857,0.6285714285714287) (42,37),(0.3,0.6206896551724137) 
(42,33),(0.3,0.6637931034482758) (42,40),(0.3,0.6896551724137931) (42,38),(0.3,0.7413793103448276) (42,36),(0.3,0.6293103448275862) (42,35),(0.3,0.7241379310344828) 
(42,34),(0.3,0.6810344827586207) (42,32),(0.3,1.2093023255813955) (42,32),(0.3,1.3488372093023258) (42,32),(0.3,1.3372093023255816) (42,37),(0.3,1.3953488372093026) 
(42,37),(0.3,1.3720930232558142) (42,39),(0.3,1.5116279069767444) (42,37),(0.3,1.4767441860465118) (42,32),(0.3,1.3720930232558142) (42,34),(0.3,1.2441860465116281) 
(42,34),(0.3,1.3720930232558142) (42,41),(0.3,1.5232558139534884) (42,32),(0.3,1.3372093023255816) (42,41),(0.3,1.4418604651162794) (42,41),(0.3,1.4651162790697678) 
(42,35),(0.3,1.3953488372093026) (42,35),(0.3,1.3372093023255816) (42,33),(0.3,1.5000000000000002) (42,32),(0.3,0.5551020408163265) (42,32),(0.3,0.6204081632653061) 
(42,36),(0.3,0.636734693877551) (42,33),(0.3,0.653061224489796) (42,38),(0.3,0.689795918367347) (42,38),(0.3,0.6367346938775511) (42,33),(0.3,0.6816326530612244) 
(42,39),(0.3,0.6408163265306123) (42,40),(0.3,0.6979591836734693) (42,39),(0.3,0.7387755102040817) (42,32),(0.3,0.6000000000000001) (42,34),(0.3,0.6448979591836735) 
(42,34),(0.3,0.6285714285714287) (42,41),(0.3,0.6367346938775511) (45,37),(0.3214285714285714,0.6206896551724137) (45,42),(0.3214285714285714,0.7155172413793103) (45,42),(0.3214285714285714,0.7155172413793103) 
(45,42),(0.3214285714285714,0.6982758620689655) (45,33),(0.3214285714285714,0.6637931034482758) (45,43),(0.3214285714285714,0.7327586206896552) (45,43),(0.3214285714285714,0.7844827586206897) (45,40),(0.3214285714285714,0.6896551724137931) 
(45,38),(0.3214285714285714,0.7413793103448276) (45,36),(0.3214285714285714,0.6293103448275862) (45,43),(0.3214285714285714,0.7241379310344828) (45,35),(0.3214285714285714,0.7241379310344828) (45,34),(0.3214285714285714,0.6810344827586207) 
(45,43),(0.3214285714285714,0.7155172413793104) (45,32),(0.3214285714285714,1.2093023255813955) (45,32),(0.3214285714285714,1.3488372093023258) (45,44),(0.3214285714285714,1.5000000000000002) (45,32),(0.3214285714285714,1.3372093023255816) 
(45,37),(0.3214285714285714,1.3953488372093026) (45,37),(0.3214285714285714,1.3720930232558142) (45,43),(0.3214285714285714,1.3953488372093026) (45,39),(0.3214285714285714,1.5116279069767444) (45,37),(0.3214285714285714,1.4767441860465118) 
(45,32),(0.3214285714285714,1.3720930232558142) (45,34),(0.3214285714285714,1.2441860465116281) (45,34),(0.3214285714285714,1.3720930232558142) (45,41),(0.3214285714285714,1.5232558139534884) (45,32),(0.3214285714285714,1.3372093023255816) 
(45,41),(0.3214285714285714,1.4418604651162794) (45,41),(0.3214285714285714,1.4651162790697678) (45,35),(0.3214285714285714,1.3953488372093026) (45,35),(0.3214285714285714,1.3372093023255816) (45,33),(0.3214285714285714,1.5000000000000002) 
(45,32),(0.3214285714285714,0.5551020408163265) (45,32),(0.3214285714285714,0.6204081632653061) (45,36),(0.3214285714285714,0.636734693877551) (45,42),(0.3214285714285714,0.7020408163265306) (45,33),(0.3214285714285714,0.653061224489796) 
(45,38),(0.3214285714285714,0.689795918367347) (45,38),(0.3214285714285714,0.6367346938775511) (45,44),(0.3214285714285714,0.616326530612245) (45,33),(0.3214285714285714,0.6816326530612244) (45,39),(0.3214285714285714,0.6408163265306123) 
(45,40),(0.3214285714285714,0.6979591836734693) (45,39),(0.3214285714285714,0.7387755102040817) (45,32),(0.3214285714285714,0.6000000000000001) (45,34),(0.3214285714285714,0.6448979591836735) (45,34),(0.3214285714285714,0.6285714285714287) 
(45,41),(0.3214285714285714,0.6367346938775511) (34,33),(0.24285714285714285,0.6637931034482758) (34,32),(0.24285714285714285,1.2093023255813955) (34,32),(0.24285714285714285,1.3488372093023258) (34,32),(0.24285714285714285,1.3372093023255816) 
(34,32),(0.24285714285714285,1.3720930232558142) (34,32),(0.24285714285714285,1.3372093023255816) (34,33),(0.24285714285714285,1.5000000000000002) (34,32),(0.24285714285714285,0.5551020408163265) (34,32),(0.24285714285714285,0.6204081632653061) 
(34,33),(0.24285714285714285,0.653061224489796) (34,33),(0.24285714285714285,0.6816326530612244) (34,32),(0.24285714285714285,0.6000000000000001) (40,37),(0.2857142857142857,0.6206896551724137) (40,33),(0.2857142857142857,0.6637931034482758) 
(40,38),(0.2857142857142857,0.7413793103448276) (40,36),(0.2857142857142857,0.6293103448275862) (40,35),(0.2857142857142857,0.7241379310344828) (40,34),(0.2857142857142857,0.6810344827586207) (40,32),(0.2857142857142857,1.2093023255813955) 
(40,32),(0.2857142857142857,1.3488372093023258) (40,32),(0.2857142857142857,1.3372093023255816) (40,37),(0.2857142857142857,1.3953488372093026) (40,37),(0.2857142857142857,1.3720930232558142) (40,39),(0.2857142857142857,1.5116279069767444) 
(40,37),(0.2857142857142857,1.4767441860465118) (40,32),(0.2857142857142857,1.3720930232558142) (40,34),(0.2857142857142857,1.2441860465116281) (40,34),(0.2857142857142857,1.3720930232558142) (40,32),(0.2857142857142857,1.3372093023255816) 
(40,35),(0.2857142857142857,1.3953488372093026) (40,35),(0.2857142857142857,1.3372093023255816) (40,33),(0.2857142857142857,1.5000000000000002) (40,32),(0.2857142857142857,0.5551020408163265) (40,32),(0.2857142857142857,0.6204081632653061) 
(40,36),(0.2857142857142857,0.636734693877551) (40,33),(0.2857142857142857,0.653061224489796) (40,38),(0.2857142857142857,0.689795918367347) (40,38),(0.2857142857142857,0.6367346938775511) (40,33),(0.2857142857142857,0.6816326530612244) 
(40,39),(0.2857142857142857,0.6408163265306123) (40,39),(0.2857142857142857,0.7387755102040817) (40,32),(0.2857142857142857,0.6000000000000001) (40,34),(0.2857142857142857,0.6448979591836735) (40,34),(0.2857142857142857,0.6285714285714287) 
(39,37),(0.2785714285714286,0.6206896551724137) (39,33),(0.2785714285714286,0.6637931034482758) (39,38),(0.2785714285714286,0.7413793103448276) (39,36),(0.2785714285714286,0.6293103448275862) (39,35),(0.2785714285714286,0.7241379310344828) 
(39,34),(0.2785714285714286,0.6810344827586207) (39,32),(0.2785714285714286,1.2093023255813955) (39,32),(0.2785714285714286,1.3488372093023258) (39,32),(0.2785714285714286,1.3372093023255816) (39,37),(0.2785714285714286,1.3953488372093026) 
(39,37),(0.2785714285714286,1.3720930232558142) (39,37),(0.2785714285714286,1.4767441860465118) (39,32),(0.2785714285714286,1.3720930232558142) (39,34),(0.2785714285714286,1.2441860465116281) (39,34),(0.2785714285714286,1.3720930232558142) 
(39,32),(0.2785714285714286,1.3372093023255816) (39,35),(0.2785714285714286,1.3953488372093026) (39,35),(0.2785714285714286,1.3372093023255816) (39,33),(0.2785714285714286,1.5000000000000002) (39,32),(0.2785714285714286,0.5551020408163265) 
(39,32),(0.2785714285714286,0.6204081632653061) (39,36),(0.2785714285714286,0.636734693877551) (39,33),(0.2785714285714286,0.653061224489796) (39,38),(0.2785714285714286,0.689795918367347) (39,38),(0.2785714285714286,0.6367346938775511) 
(39,33),(0.2785714285714286,0.6816326530612244) (39,32),(0.2785714285714286,0.6000000000000001) (39,34),(0.2785714285714286,0.6448979591836735) (39,34),(0.2785714285714286,0.6285714285714287) (38,37),(0.2714285714285714,0.6206896551724137) 
(38,33),(0.2714285714285714,0.6637931034482758) (38,36),(0.2714285714285714,0.6293103448275862) (38,35),(0.2714285714285714,0.7241379310344828) (38,34),(0.2714285714285714,0.6810344827586207) (38,32),(0.2714285714285714,1.2093023255813955) 
(38,32),(0.2714285714285714,1.3488372093023258) (38,32),(0.2714285714285714,1.3372093023255816) (38,37),(0.2714285714285714,1.3953488372093026) (38,37),(0.2714285714285714,1.3720930232558142) (38,37),(0.2714285714285714,1.4767441860465118) 
(38,32),(0.2714285714285714,1.3720930232558142) (38,34),(0.2714285714285714,1.2441860465116281) (38,34),(0.2714285714285714,1.3720930232558142) (38,32),(0.2714285714285714,1.3372093023255816) (38,35),(0.2714285714285714,1.3953488372093026) 
(38,35),(0.2714285714285714,1.3372093023255816) (38,33),(0.2714285714285714,1.5000000000000002) (38,32),(0.2714285714285714,0.5551020408163265) (38,32),(0.2714285714285714,0.6204081632653061) (38,36),(0.2714285714285714,0.636734693877551) 
(38,33),(0.2714285714285714,0.653061224489796) (38,33),(0.2714285714285714,0.6816326530612244) (38,32),(0.2714285714285714,0.6000000000000001) (38,34),(0.2714285714285714,0.6448979591836735) (38,34),(0.2714285714285714,0.6285714285714287) 
(33,32),(0.2357142857142857,1.2093023255813955) (33,32),(0.2357142857142857,1.3488372093023258) (33,32),(0.2357142857142857,1.3372093023255816) (33,32),(0.2357142857142857,1.3720930232558142) (33,32),(0.2357142857142857,1.3372093023255816) 
(33,32),(0.2357142857142857,0.5551020408163265) (33,32),(0.2357142857142857,0.6204081632653061) (33,32),(0.2357142857142857,0.6000000000000001) (49,48),(0.35,0.7844827586206897) (49,37),(0.35,0.6206896551724137) 
(49,42),(0.35,0.7155172413793103) (49,42),(0.35,0.7155172413793103) (49,42),(0.35,0.6982758620689655) (49,33),(0.35,0.6637931034482758) (49,43),(0.35,0.7327586206896552) 
(49,43),(0.35,0.7844827586206897) (49,46),(0.35,0.7758620689655172) (49,40),(0.35,0.6896551724137931) (49,38),(0.35,0.7413793103448276) (49,36),(0.35,0.6293103448275862) 
(49,43),(0.35,0.7241379310344828) (49,35),(0.35,0.7241379310344828) (49,34),(0.35,0.6810344827586207) (49,43),(0.35,0.7155172413793104) (49,46),(0.35,0.7327586206896552) 
(49,47),(0.35,0.7327586206896551) (49,47),(0.35,0.6896551724137931) (49,47),(0.35,0.8275862068965517) (49,45),(0.35,1.5813953488372094) (49,32),(0.35,1.2093023255813955) 
(49,32),(0.35,1.3488372093023258) (49,44),(0.35,1.5000000000000002) (49,32),(0.35,1.3372093023255816) (49,37),(0.35,1.3953488372093026) (49,37),(0.35,1.3720930232558142) 
(49,43),(0.35,1.3953488372093026) (49,47),(0.35,1.5348837209302328) (49,39),(0.35,1.5116279069767444) (49,37),(0.35,1.4767441860465118) (49,32),(0.35,1.3720930232558142) 
(49,34),(0.35,1.2441860465116281) (49,34),(0.35,1.3720930232558142) (49,41),(0.35,1.5232558139534884) (49,32),(0.35,1.3372093023255816) (49,41),(0.35,1.4418604651162794) 
(49,41),(0.35,1.4651162790697678) (49,35),(0.35,1.3953488372093026) (49,35),(0.35,1.3372093023255816) (49,33),(0.35,1.5000000000000002) (49,32),(0.35,0.5551020408163265) 
(49,45),(0.35,0.653061224489796) (49,32),(0.35,0.6204081632653061) (49,48),(0.35,0.6775510204081633) (49,36),(0.35,0.636734693877551) (49,42),(0.35,0.7020408163265306) 
(49,33),(0.35,0.653061224489796) (49,38),(0.35,0.689795918367347) (49,38),(0.35,0.6367346938775511) (49,44),(0.35,0.616326530612245) (49,33),(0.35,0.6816326530612244) 
(49,39),(0.35,0.6408163265306123) (49,40),(0.35,0.6979591836734693) (49,39),(0.35,0.7387755102040817) (49,32),(0.35,0.6000000000000001) (49,34),(0.35,0.6448979591836735) 
(49,45),(0.35,0.6979591836734694) (49,34),(0.35,0.6285714285714287) (49,41),(0.35,0.6367346938775511) (49,47),(0.35,0.7183673469387757) (48,50),(0.7844827586206897,0.7241379310344827) 
(48,49),(0.7844827586206897,0.7327586206896552) (48,50),(0.7844827586206897,0.7758620689655172) (48,49),(0.7844827586206897,0.7155172413793103) (48,47),(0.7844827586206897,0.8275862068965517) (48,45),(0.7844827586206897,1.5813953488372094) 
(48,32),(0.7844827586206897,1.2093023255813955) (48,32),(0.7844827586206897,1.3488372093023258) (48,44),(0.7844827586206897,1.5000000000000002) (48,32),(0.7844827586206897,1.3372093023255816) (48,37),(0.7844827586206897,1.3953488372093026) 
(48,37),(0.7844827586206897,1.3720930232558142) (48,43),(0.7844827586206897,1.3953488372093026) (48,47),(0.7844827586206897,1.5348837209302328) (48,39),(0.7844827586206897,1.5116279069767444) (48,37),(0.7844827586206897,1.4767441860465118) 
(48,32),(0.7844827586206897,1.3720930232558142) (48,34),(0.7844827586206897,1.2441860465116281) (48,34),(0.7844827586206897,1.3720930232558142) (48,41),(0.7844827586206897,1.5232558139534884) (48,32),(0.7844827586206897,1.3372093023255816) 
(48,41),(0.7844827586206897,1.4418604651162794) (48,41),(0.7844827586206897,1.4651162790697678) (48,35),(0.7844827586206897,1.3953488372093026) (48,35),(0.7844827586206897,1.3372093023255816) (48,33),(0.7844827586206897,1.5000000000000002) 
(48,51),(0.7844827586206897,0.763265306122449) (48,51),(0.7844827586206897,0.6816326530612246) (48,51),(0.7844827586206897,0.7346938775510206) (48,49),(0.7844827586206897,0.7387755102040816) (48,49),(0.7844827586206897,0.726530612244898) 
(37,33),(0.6206896551724137,0.6637931034482758) (37,36),(0.6206896551724137,0.6293103448275862) (37,35),(0.6206896551724137,0.7241379310344828) (37,34),(0.6206896551724137,0.6810344827586207) (37,32),(0.6206896551724137,1.2093023255813955) 
(37,32),(0.6206896551724137,1.3488372093023258) (37,32),(0.6206896551724137,1.3372093023255816) (37,32),(0.6206896551724137,1.3720930232558142) (37,34),(0.6206896551724137,1.2441860465116281) (37,34),(0.6206896551724137,1.3720930232558142) 
(37,32),(0.6206896551724137,1.3372093023255816) (37,35),(0.6206896551724137,1.3953488372093026) (37,35),(0.6206896551724137,1.3372093023255816) (37,33),(0.6206896551724137,1.5000000000000002) (37,36),(0.6206896551724137,0.636734693877551) 
(37,33),(0.6206896551724137,0.653061224489796) (37,44),(0.6206896551724137,0.616326530612245) (37,33),(0.6206896551724137,0.6816326530612244) (37,34),(0.6206896551724137,0.6448979591836735) (37,34),(0.6206896551724137,0.6285714285714287) 
(50,49),(0.7241379310344827,0.7327586206896552) (50,43),(0.7241379310344827,0.7327586206896552) (50,43),(0.7241379310344827,0.7844827586206897) (50,46),(0.7241379310344827,0.7758620689655172) (50,38),(0.7241379310344827,0.7413793103448276) 
(50,43),(0.7241379310344827,0.7241379310344828) (50,35),(0.7241379310344827,0.7241379310344828) (50,46),(0.7241379310344827,0.7327586206896552) (50,47),(0.7241379310344827,0.7327586206896551) (50,47),(0.7241379310344827,0.8275862068965517) 
(50,45),(0.7241379310344827,1.5813953488372094) (50,32),(0.7241379310344827,1.2093023255813955) (50,32),(0.7241379310344827,1.3488372093023258) (50,44),(0.7241379310344827,1.5000000000000002) (50,32),(0.7241379310344827,1.3372093023255816) 
(50,37),(0.7241379310344827,1.3953488372093026) (50,37),(0.7241379310344827,1.3720930232558142) (50,43),(0.7241379310344827,1.3953488372093026) (50,47),(0.7241379310344827,1.5348837209302328) (50,39),(0.7241379310344827,1.5116279069767444) 
(50,37),(0.7241379310344827,1.4767441860465118) (50,32),(0.7241379310344827,1.3720930232558142) (50,34),(0.7241379310344827,1.2441860465116281) (50,34),(0.7241379310344827,1.3720930232558142) (50,41),(0.7241379310344827,1.5232558139534884) 
(50,32),(0.7241379310344827,1.3372093023255816) (50,41),(0.7241379310344827,1.4418604651162794) (50,41),(0.7241379310344827,1.4651162790697678) (50,35),(0.7241379310344827,1.3953488372093026) (50,35),(0.7241379310344827,1.3372093023255816) 
(50,33),(0.7241379310344827,1.5000000000000002) (50,51),(0.7241379310344827,0.6816326530612246) (50,49),(0.7241379310344827,0.7387755102040816) (50,39),(0.7241379310344827,0.7387755102040817) (50,49),(0.7241379310344827,0.726530612244898) 
(49,43),(0.7327586206896552,0.7844827586206897) (49,46),(0.7327586206896552,0.7758620689655172) (49,38),(0.7327586206896552,0.7413793103448276) (49,47),(0.7327586206896552,0.8275862068965517) (49,45),(0.7327586206896552,1.5813953488372094) 
(49,32),(0.7327586206896552,1.2093023255813955) (49,32),(0.7327586206896552,1.3488372093023258) (49,44),(0.7327586206896552,1.5000000000000002) (49,32),(0.7327586206896552,1.3372093023255816) (49,37),(0.7327586206896552,1.3953488372093026) 
(49,37),(0.7327586206896552,1.3720930232558142) (49,43),(0.7327586206896552,1.3953488372093026) (49,47),(0.7327586206896552,1.5348837209302328) (49,39),(0.7327586206896552,1.5116279069767444) (49,37),(0.7327586206896552,1.4767441860465118) 
(49,32),(0.7327586206896552,1.3720930232558142) (49,34),(0.7327586206896552,1.2441860465116281) (49,34),(0.7327586206896552,1.3720930232558142) (49,41),(0.7327586206896552,1.5232558139534884) (49,32),(0.7327586206896552,1.3372093023255816) 
(49,41),(0.7327586206896552,1.4418604651162794) (49,41),(0.7327586206896552,1.4651162790697678) (49,35),(0.7327586206896552,1.3953488372093026) (49,35),(0.7327586206896552,1.3372093023255816) (49,33),(0.7327586206896552,1.5000000000000002) 
(49,51),(0.7327586206896552,0.6816326530612246) (49,39),(0.7327586206896552,0.7387755102040817) (42,38),(0.7155172413793103,0.7413793103448276) (42,35),(0.7155172413793103,0.7241379310344828) (42,47),(0.7155172413793103,0.6896551724137931) 
(42,32),(0.7155172413793103,1.2093023255813955) (42,32),(0.7155172413793103,1.3488372093023258) (42,32),(0.7155172413793103,1.3372093023255816) (42,37),(0.7155172413793103,1.3953488372093026) (42,37),(0.7155172413793103,1.3720930232558142) 
(42,39),(0.7155172413793103,1.5116279069767444) (42,37),(0.7155172413793103,1.4767441860465118) (42,32),(0.7155172413793103,1.3720930232558142) (42,34),(0.7155172413793103,1.2441860465116281) (42,34),(0.7155172413793103,1.3720930232558142) 
(42,41),(0.7155172413793103,1.5232558139534884) (42,32),(0.7155172413793103,1.3372093023255816) (42,41),(0.7155172413793103,1.4418604651162794) (42,41),(0.7155172413793103,1.4651162790697678) (42,35),(0.7155172413793103,1.3953488372093026) 
(42,35),(0.7155172413793103,1.3372093023255816) (42,33),(0.7155172413793103,1.5000000000000002) (42,51),(0.7155172413793103,0.6816326530612246) (42,45),(0.7155172413793103,0.653061224489796) (42,48),(0.7155172413793103,0.6775510204081633) 
(42,44),(0.7155172413793103,0.616326530612245) (42,39),(0.7155172413793103,0.7387755102040817) (42,45),(0.7155172413793103,0.6979591836734694) (42,38),(0.7155172413793103,0.7413793103448276) (42,35),(0.7155172413793103,0.7241379310344828) 
(42,47),(0.7155172413793103,0.6896551724137931) (42,32),(0.7155172413793103,1.2093023255813955) (42,32),(0.7155172413793103,1.3488372093023258) (42,32),(0.7155172413793103,1.3372093023255816) (42,37),(0.7155172413793103,1.3953488372093026) 
(42,37),(0.7155172413793103,1.3720930232558142) (42,39),(0.7155172413793103,1.5116279069767444) (42,37),(0.7155172413793103,1.4767441860465118) (42,32),(0.7155172413793103,1.3720930232558142) (42,34),(0.7155172413793103,1.2441860465116281) 
(42,34),(0.7155172413793103,1.3720930232558142) (42,41),(0.7155172413793103,1.5232558139534884) (42,32),(0.7155172413793103,1.3372093023255816) (42,41),(0.7155172413793103,1.4418604651162794) (42,41),(0.7155172413793103,1.4651162790697678) 
(42,35),(0.7155172413793103,1.3953488372093026) (42,35),(0.7155172413793103,1.3372093023255816) (42,33),(0.7155172413793103,1.5000000000000002) (42,51),(0.7155172413793103,0.6816326530612246) (42,45),(0.7155172413793103,0.653061224489796) 
(42,48),(0.7155172413793103,0.6775510204081633) (42,44),(0.7155172413793103,0.616326530612245) (42,39),(0.7155172413793103,0.7387755102040817) (42,45),(0.7155172413793103,0.6979591836734694) (42,38),(0.6982758620689655,0.7413793103448276) 
(42,35),(0.6982758620689655,0.7241379310344828) (42,47),(0.6982758620689655,0.6896551724137931) (42,32),(0.6982758620689655,1.2093023255813955) (42,32),(0.6982758620689655,1.3488372093023258) (42,32),(0.6982758620689655,1.3372093023255816) 
(42,37),(0.6982758620689655,1.3953488372093026) (42,37),(0.6982758620689655,1.3720930232558142) (42,39),(0.6982758620689655,1.5116279069767444) (42,37),(0.6982758620689655,1.4767441860465118) (42,32),(0.6982758620689655,1.3720930232558142) 
(42,34),(0.6982758620689655,1.2441860465116281) (42,34),(0.6982758620689655,1.3720930232558142) (42,41),(0.6982758620689655,1.5232558139534884) (42,32),(0.6982758620689655,1.3372093023255816) (42,41),(0.6982758620689655,1.4418604651162794) 
(42,41),(0.6982758620689655,1.4651162790697678) (42,35),(0.6982758620689655,1.3953488372093026) (42,35),(0.6982758620689655,1.3372093023255816) (42,33),(0.6982758620689655,1.5000000000000002) (42,51),(0.6982758620689655,0.6816326530612246) 
(42,45),(0.6982758620689655,0.653061224489796) (42,48),(0.6982758620689655,0.6775510204081633) (42,44),(0.6982758620689655,0.616326530612245) (42,39),(0.6982758620689655,0.7387755102040817) (42,45),(0.6982758620689655,0.6979591836734694) 
(33,36),(0.6637931034482758,0.6293103448275862) (33,32),(0.6637931034482758,1.2093023255813955) (33,32),(0.6637931034482758,1.3488372093023258) (33,32),(0.6637931034482758,1.3372093023255816) (33,32),(0.6637931034482758,1.3720930232558142) 
(33,32),(0.6637931034482758,1.3372093023255816) (33,45),(0.6637931034482758,0.653061224489796) (33,36),(0.6637931034482758,0.636734693877551) (33,38),(0.6637931034482758,0.6367346938775511) (33,44),(0.6637931034482758,0.616326530612245) 
(33,39),(0.6637931034482758,0.6408163265306123) (33,34),(0.6637931034482758,0.6448979591836735) (33,34),(0.6637931034482758,0.6285714285714287) (33,41),(0.6637931034482758,0.6367346938775511) (43,38),(0.7327586206896552,0.7413793103448276) 
(43,49),(0.7327586206896552,0.7155172413793103) (43,47),(0.7327586206896552,0.7327586206896551) (43,47),(0.7327586206896552,0.6896551724137931) (43,32),(0.7327586206896552,1.2093023255813955) (43,32),(0.7327586206896552,1.3488372093023258) 
(43,32),(0.7327586206896552,1.3372093023255816) (43,37),(0.7327586206896552,1.3953488372093026) (43,37),(0.7327586206896552,1.3720930232558142) (43,39),(0.7327586206896552,1.5116279069767444) (43,37),(0.7327586206896552,1.4767441860465118) 
(43,32),(0.7327586206896552,1.3720930232558142) (43,34),(0.7327586206896552,1.2441860465116281) (43,34),(0.7327586206896552,1.3720930232558142) (43,41),(0.7327586206896552,1.5232558139534884) (43,32),(0.7327586206896552,1.3372093023255816) 
(43,41),(0.7327586206896552,1.4418604651162794) (43,41),(0.7327586206896552,1.4651162790697678) (43,35),(0.7327586206896552,1.3953488372093026) (43,35),(0.7327586206896552,1.3372093023255816) (43,33),(0.7327586206896552,1.5000000000000002) 
(43,51),(0.7327586206896552,0.6816326530612246) (43,45),(0.7327586206896552,0.653061224489796) (43,48),(0.7327586206896552,0.6775510204081633) (43,44),(0.7327586206896552,0.616326530612245) (43,39),(0.7327586206896552,0.7387755102040817) 
(43,49),(0.7327586206896552,0.726530612244898) (43,45),(0.7327586206896552,0.6979591836734694) (43,47),(0.7327586206896552,0.7183673469387757) (43,46),(0.7844827586206897,0.7758620689655172) (43,50),(0.7844827586206897,0.7758620689655172) 
(43,49),(0.7844827586206897,0.7155172413793103) (43,46),(0.7844827586206897,0.7327586206896552) (43,47),(0.7844827586206897,0.7327586206896551) (43,47),(0.7844827586206897,0.6896551724137931) (43,32),(0.7844827586206897,1.2093023255813955) 
(43,32),(0.7844827586206897,1.3488372093023258) (43,32),(0.7844827586206897,1.3372093023255816) (43,37),(0.7844827586206897,1.3953488372093026) (43,37),(0.7844827586206897,1.3720930232558142) (43,39),(0.7844827586206897,1.5116279069767444) 
(43,37),(0.7844827586206897,1.4767441860465118) (43,32),(0.7844827586206897,1.3720930232558142) (43,34),(0.7844827586206897,1.2441860465116281) (43,34),(0.7844827586206897,1.3720930232558142) (43,41),(0.7844827586206897,1.5232558139534884) 
(43,32),(0.7844827586206897,1.3372093023255816) (43,41),(0.7844827586206897,1.4418604651162794) (43,41),(0.7844827586206897,1.4651162790697678) (43,35),(0.7844827586206897,1.3953488372093026) (43,35),(0.7844827586206897,1.3372093023255816) 
(43,33),(0.7844827586206897,1.5000000000000002) (43,51),(0.7844827586206897,0.763265306122449) (43,51),(0.7844827586206897,0.6816326530612246) (43,51),(0.7844827586206897,0.7346938775510206) (43,45),(0.7844827586206897,0.653061224489796) 
(43,48),(0.7844827586206897,0.6775510204081633) (43,49),(0.7844827586206897,0.7387755102040816) (43,44),(0.7844827586206897,0.616326530612245) (43,49),(0.7844827586206897,0.726530612244898) (43,45),(0.7844827586206897,0.6979591836734694) 
(43,47),(0.7844827586206897,0.7183673469387757) (46,49),(0.7758620689655172,0.7155172413793103) (46,47),(0.7758620689655172,0.7327586206896551) (46,47),(0.7758620689655172,0.6896551724137931) (46,45),(0.7758620689655172,1.5813953488372094) 
(46,32),(0.7758620689655172,1.2093023255813955) (46,32),(0.7758620689655172,1.3488372093023258) (46,44),(0.7758620689655172,1.5000000000000002) (46,32),(0.7758620689655172,1.3372093023255816) (46,37),(0.7758620689655172,1.3953488372093026) 
(46,37),(0.7758620689655172,1.3720930232558142) (46,43),(0.7758620689655172,1.3953488372093026) (46,39),(0.7758620689655172,1.5116279069767444) (46,37),(0.7758620689655172,1.4767441860465118) (46,32),(0.7758620689655172,1.3720930232558142) 
(46,34),(0.7758620689655172,1.2441860465116281) (46,34),(0.7758620689655172,1.3720930232558142) (46,41),(0.7758620689655172,1.5232558139534884) (46,32),(0.7758620689655172,1.3372093023255816) (46,41),(0.7758620689655172,1.4418604651162794) 
(46,41),(0.7758620689655172,1.4651162790697678) (46,35),(0.7758620689655172,1.3953488372093026) (46,35),(0.7758620689655172,1.3372093023255816) (46,33),(0.7758620689655172,1.5000000000000002) (46,51),(0.7758620689655172,0.763265306122449) 
(46,51),(0.7758620689655172,0.6816326530612246) (46,51),(0.7758620689655172,0.7346938775510206) (46,48),(0.7758620689655172,0.6775510204081633) (46,49),(0.7758620689655172,0.7387755102040816) (46,49),(0.7758620689655172,0.726530612244898) 
(46,47),(0.7758620689655172,0.7183673469387757) (40,38),(0.6896551724137931,0.7413793103448276) (40,35),(0.6896551724137931,0.7241379310344828) (40,32),(0.6896551724137931,1.2093023255813955) (40,32),(0.6896551724137931,1.3488372093023258) 
(40,32),(0.6896551724137931,1.3372093023255816) (40,37),(0.6896551724137931,1.3953488372093026) (40,37),(0.6896551724137931,1.3720930232558142) (40,39),(0.6896551724137931,1.5116279069767444) (40,37),(0.6896551724137931,1.4767441860465118) 
(40,32),(0.6896551724137931,1.3720930232558142) (40,34),(0.6896551724137931,1.2441860465116281) (40,34),(0.6896551724137931,1.3720930232558142) (40,32),(0.6896551724137931,1.3372093023255816) (40,35),(0.6896551724137931,1.3953488372093026) 
(40,35),(0.6896551724137931,1.3372093023255816) (40,33),(0.6896551724137931,1.5000000000000002) (40,51),(0.6896551724137931,0.6816326530612246) (40,45),(0.6896551724137931,0.653061224489796) (40,48),(0.6896551724137931,0.6775510204081633) 
(40,38),(0.6896551724137931,0.689795918367347) (40,44),(0.6896551724137931,0.616326530612245) (40,39),(0.6896551724137931,0.7387755102040817) (40,41),(0.6896551724137931,0.6367346938775511) (38,43),(0.7413793103448276,0.7241379310344828) 
(38,49),(0.7413793103448276,0.7155172413793103) (38,43),(0.7413793103448276,0.7155172413793104) (38,46),(0.7413793103448276,0.7327586206896552) (38,47),(0.7413793103448276,0.7327586206896551) (38,47),(0.7413793103448276,0.6896551724137931) 
(38,32),(0.7413793103448276,1.2093023255813955) (38,32),(0.7413793103448276,1.3488372093023258) (38,32),(0.7413793103448276,1.3372093023255816) (38,37),(0.7413793103448276,1.3953488372093026) (38,37),(0.7413793103448276,1.3720930232558142) 
(38,37),(0.7413793103448276,1.4767441860465118) (38,32),(0.7413793103448276,1.3720930232558142) (38,34),(0.7413793103448276,1.2441860465116281) (38,34),(0.7413793103448276,1.3720930232558142) (38,32),(0.7413793103448276,1.3372093023255816) 
(38,35),(0.7413793103448276,1.3953488372093026) (38,35),(0.7413793103448276,1.3372093023255816) (38,33),(0.7413793103448276,1.5000000000000002) (38,51),(0.7413793103448276,0.6816326530612246) (38,51),(0.7413793103448276,0.7346938775510206) 
(38,45),(0.7413793103448276,0.653061224489796) (38,48),(0.7413793103448276,0.6775510204081633) (38,49),(0.7413793103448276,0.7387755102040816) (38,42),(0.7413793103448276,0.7020408163265306) (38,44),(0.7413793103448276,0.616326530612245) 
(38,39),(0.7413793103448276,0.6408163265306123) (38,40),(0.7413793103448276,0.6979591836734693) (38,39),(0.7413793103448276,0.7387755102040817) (38,49),(0.7413793103448276,0.726530612244898) (38,45),(0.7413793103448276,0.6979591836734694) 
(38,41),(0.7413793103448276,0.6367346938775511) (38,47),(0.7413793103448276,0.7183673469387757) (36,35),(0.6293103448275862,0.7241379310344828) (36,34),(0.6293103448275862,0.6810344827586207) (36,32),(0.6293103448275862,1.2093023255813955) 
(36,32),(0.6293103448275862,1.3488372093023258) (36,32),(0.6293103448275862,1.3372093023255816) (36,32),(0.6293103448275862,1.3720930232558142) (36,34),(0.6293103448275862,1.2441860465116281) (36,34),(0.6293103448275862,1.3720930232558142) 
(36,32),(0.6293103448275862,1.3372093023255816) (36,35),(0.6293103448275862,1.3953488372093026) (36,35),(0.6293103448275862,1.3372093023255816) (36,33),(0.6293103448275862,1.5000000000000002) (36,33),(0.6293103448275862,0.653061224489796) 
(36,44),(0.6293103448275862,0.616326530612245) (36,33),(0.6293103448275862,0.6816326530612244) (36,34),(0.6293103448275862,0.6448979591836735) (43,49),(0.7241379310344828,0.7155172413793103) (43,47),(0.7241379310344828,0.6896551724137931) 
(43,32),(0.7241379310344828,1.2093023255813955) (43,32),(0.7241379310344828,1.3488372093023258) (43,32),(0.7241379310344828,1.3372093023255816) (43,37),(0.7241379310344828,1.3953488372093026) (43,37),(0.7241379310344828,1.3720930232558142) 
(43,39),(0.7241379310344828,1.5116279069767444) (43,37),(0.7241379310344828,1.4767441860465118) (43,32),(0.7241379310344828,1.3720930232558142) (43,34),(0.7241379310344828,1.2441860465116281) (43,34),(0.7241379310344828,1.3720930232558142) 
(43,41),(0.7241379310344828,1.5232558139534884) (43,32),(0.7241379310344828,1.3372093023255816) (43,41),(0.7241379310344828,1.4418604651162794) (43,41),(0.7241379310344828,1.4651162790697678) (43,35),(0.7241379310344828,1.3953488372093026) 
(43,35),(0.7241379310344828,1.3372093023255816) (43,33),(0.7241379310344828,1.5000000000000002) (43,51),(0.7241379310344828,0.6816326530612246) (43,45),(0.7241379310344828,0.653061224489796) (43,48),(0.7241379310344828,0.6775510204081633) 
(43,44),(0.7241379310344828,0.616326530612245) (43,39),(0.7241379310344828,0.7387755102040817) (43,45),(0.7241379310344828,0.6979591836734694) (43,47),(0.7241379310344828,0.7183673469387757) (35,49),(0.7241379310344828,0.7155172413793103) 
(35,43),(0.7241379310344828,0.7155172413793104) (35,47),(0.7241379310344828,0.6896551724137931) (35,32),(0.7241379310344828,1.2093023255813955) (35,32),(0.7241379310344828,1.3488372093023258) (35,32),(0.7241379310344828,1.3372093023255816) 
(35,32),(0.7241379310344828,1.3720930232558142) (35,34),(0.7241379310344828,1.2441860465116281) (35,34),(0.7241379310344828,1.3720930232558142) (35,32),(0.7241379310344828,1.3372093023255816) (35,33),(0.7241379310344828,1.5000000000000002) 
(35,51),(0.7241379310344828,0.6816326530612246) (35,45),(0.7241379310344828,0.653061224489796) (35,48),(0.7241379310344828,0.6775510204081633) (35,36),(0.7241379310344828,0.636734693877551) (35,42),(0.7241379310344828,0.7020408163265306) 
(35,38),(0.7241379310344828,0.689795918367347) (35,38),(0.7241379310344828,0.6367346938775511) (35,44),(0.7241379310344828,0.616326530612245) (35,39),(0.7241379310344828,0.6408163265306123) (35,40),(0.7241379310344828,0.6979591836734693) 
(35,45),(0.7241379310344828,0.6979591836734694) (35,41),(0.7241379310344828,0.6367346938775511) (35,47),(0.7241379310344828,0.7183673469387757) (50,47),(0.7758620689655172,0.8275862068965517) (50,45),(0.7758620689655172,1.5813953488372094) 
(50,32),(0.7758620689655172,1.2093023255813955) (50,32),(0.7758620689655172,1.3488372093023258) (50,44),(0.7758620689655172,1.5000000000000002) (50,32),(0.7758620689655172,1.3372093023255816) (50,37),(0.7758620689655172,1.3953488372093026) 
(50,37),(0.7758620689655172,1.3720930232558142) (50,43),(0.7758620689655172,1.3953488372093026) (50,47),(0.7758620689655172,1.5348837209302328) (50,39),(0.7758620689655172,1.5116279069767444) (50,37),(0.7758620689655172,1.4767441860465118) 
(50,32),(0.7758620689655172,1.3720930232558142) (50,34),(0.7758620689655172,1.2441860465116281) (50,34),(0.7758620689655172,1.3720930232558142) (50,41),(0.7758620689655172,1.5232558139534884) (50,32),(0.7758620689655172,1.3372093023255816) 
(50,41),(0.7758620689655172,1.4418604651162794) (50,41),(0.7758620689655172,1.4651162790697678) (50,35),(0.7758620689655172,1.3953488372093026) (50,35),(0.7758620689655172,1.3372093023255816) (50,33),(0.7758620689655172,1.5000000000000002) 
(50,51),(0.7758620689655172,0.763265306122449) (50,51),(0.7758620689655172,0.6816326530612246) (50,51),(0.7758620689655172,0.7346938775510206) (50,47),(0.7931034482758621,0.8275862068965517) (50,45),(0.7931034482758621,1.5813953488372094) 
(50,32),(0.7931034482758621,1.2093023255813955) (50,32),(0.7931034482758621,1.3488372093023258) (50,44),(0.7931034482758621,1.5000000000000002) (50,32),(0.7931034482758621,1.3372093023255816) (50,37),(0.7931034482758621,1.3953488372093026) 
(50,37),(0.7931034482758621,1.3720930232558142) (50,43),(0.7931034482758621,1.3953488372093026) (50,47),(0.7931034482758621,1.5348837209302328) (50,39),(0.7931034482758621,1.5116279069767444) (50,37),(0.7931034482758621,1.4767441860465118) 
(50,32),(0.7931034482758621,1.3720930232558142) (50,34),(0.7931034482758621,1.2441860465116281) (50,34),(0.7931034482758621,1.3720930232558142) (50,41),(0.7931034482758621,1.5232558139534884) (50,32),(0.7931034482758621,1.3372093023255816) 
(50,41),(0.7931034482758621,1.4418604651162794) (50,41),(0.7931034482758621,1.4651162790697678) (50,35),(0.7931034482758621,1.3953488372093026) (50,35),(0.7931034482758621,1.3372093023255816) (50,33),(0.7931034482758621,1.5000000000000002) 
(50,51),(0.7931034482758621,0.763265306122449) (50,51),(0.7931034482758621,0.6816326530612246) (50,51),(0.7931034482758621,0.7346938775510206) (34,32),(0.6810344827586207,1.2093023255813955) (34,32),(0.6810344827586207,1.3488372093023258) 
(34,32),(0.6810344827586207,1.3372093023255816) (34,32),(0.6810344827586207,1.3720930232558142) (34,32),(0.6810344827586207,1.3372093023255816) (34,33),(0.6810344827586207,1.5000000000000002) (34,45),(0.6810344827586207,0.653061224489796) 
(34,48),(0.6810344827586207,0.6775510204081633) (34,36),(0.6810344827586207,0.636734693877551) (34,38),(0.6810344827586207,0.6367346938775511) (34,44),(0.6810344827586207,0.616326530612245) (34,33),(0.6810344827586207,0.6816326530612244) 
(34,39),(0.6810344827586207,0.6408163265306123) (34,41),(0.6810344827586207,0.6367346938775511) (49,43),(0.7155172413793103,0.7155172413793104) (49,46),(0.7155172413793103,0.7327586206896552) (49,47),(0.7155172413793103,0.7327586206896551) 
(49,47),(0.7155172413793103,0.8275862068965517) (49,45),(0.7155172413793103,1.5813953488372094) (49,32),(0.7155172413793103,1.2093023255813955) (49,32),(0.7155172413793103,1.3488372093023258) (49,44),(0.7155172413793103,1.5000000000000002) 
(49,32),(0.7155172413793103,1.3372093023255816) (49,37),(0.7155172413793103,1.3953488372093026) (49,37),(0.7155172413793103,1.3720930232558142) (49,43),(0.7155172413793103,1.3953488372093026) (49,47),(0.7155172413793103,1.5348837209302328) 
(49,39),(0.7155172413793103,1.5116279069767444) (49,37),(0.7155172413793103,1.4767441860465118) (49,32),(0.7155172413793103,1.3720930232558142) (49,34),(0.7155172413793103,1.2441860465116281) (49,34),(0.7155172413793103,1.3720930232558142) 
(49,41),(0.7155172413793103,1.5232558139534884) (49,32),(0.7155172413793103,1.3372093023255816) (49,41),(0.7155172413793103,1.4418604651162794) (49,41),(0.7155172413793103,1.4651162790697678) (49,35),(0.7155172413793103,1.3953488372093026) 
(49,35),(0.7155172413793103,1.3372093023255816) (49,33),(0.7155172413793103,1.5000000000000002) (49,51),(0.7155172413793103,0.6816326530612246) (49,39),(0.7155172413793103,0.7387755102040817) (49,47),(0.7155172413793103,0.7183673469387757) 
(43,47),(0.7155172413793104,0.6896551724137931) (43,32),(0.7155172413793104,1.2093023255813955) (43,32),(0.7155172413793104,1.3488372093023258) (43,32),(0.7155172413793104,1.3372093023255816) (43,37),(0.7155172413793104,1.3953488372093026) 
(43,37),(0.7155172413793104,1.3720930232558142) (43,39),(0.7155172413793104,1.5116279069767444) (43,37),(0.7155172413793104,1.4767441860465118) (43,32),(0.7155172413793104,1.3720930232558142) (43,34),(0.7155172413793104,1.2441860465116281) 
(43,34),(0.7155172413793104,1.3720930232558142) (43,41),(0.7155172413793104,1.5232558139534884) (43,32),(0.7155172413793104,1.3372093023255816) (43,41),(0.7155172413793104,1.4418604651162794) (43,41),(0.7155172413793104,1.4651162790697678) 
(43,35),(0.7155172413793104,1.3953488372093026) (43,35),(0.7155172413793104,1.3372093023255816) (43,33),(0.7155172413793104,1.5000000000000002) (43,51),(0.7155172413793104,0.6816326530612246) (43,45),(0.7155172413793104,0.653061224489796) 
(43,48),(0.7155172413793104,0.6775510204081633) (43,44),(0.7155172413793104,0.616326530612245) (43,39),(0.7155172413793104,0.7387755102040817) (43,45),(0.7155172413793104,0.6979591836734694) (46,47),(0.7327586206896552,0.7327586206896551) 
(46,47),(0.7327586206896552,0.6896551724137931) (46,45),(0.7327586206896552,1.5813953488372094) (46,32),(0.7327586206896552,1.2093023255813955) (46,32),(0.7327586206896552,1.3488372093023258) (46,44),(0.7327586206896552,1.5000000000000002) 
(46,32),(0.7327586206896552,1.3372093023255816) (46,37),(0.7327586206896552,1.3953488372093026) (46,37),(0.7327586206896552,1.3720930232558142) (46,43),(0.7327586206896552,1.3953488372093026) (46,39),(0.7327586206896552,1.5116279069767444) 
(46,37),(0.7327586206896552,1.4767441860465118) (46,32),(0.7327586206896552,1.3720930232558142) (46,34),(0.7327586206896552,1.2441860465116281) (46,34),(0.7327586206896552,1.3720930232558142) (46,41),(0.7327586206896552,1.5232558139534884) 
(46,32),(0.7327586206896552,1.3372093023255816) (46,41),(0.7327586206896552,1.4418604651162794) (46,41),(0.7327586206896552,1.4651162790697678) (46,35),(0.7327586206896552,1.3953488372093026) (46,35),(0.7327586206896552,1.3372093023255816) 
(46,33),(0.7327586206896552,1.5000000000000002) (46,51),(0.7327586206896552,0.6816326530612246) (46,48),(0.7327586206896552,0.6775510204081633) (46,39),(0.7327586206896552,0.7387755102040817) (46,49),(0.7327586206896552,0.726530612244898) 
(46,47),(0.7327586206896552,0.7183673469387757) (47,45),(0.7327586206896551,1.5813953488372094) (47,32),(0.7327586206896551,1.2093023255813955) (47,32),(0.7327586206896551,1.3488372093023258) (47,44),(0.7327586206896551,1.5000000000000002) 
(47,32),(0.7327586206896551,1.3372093023255816) (47,37),(0.7327586206896551,1.3953488372093026) (47,37),(0.7327586206896551,1.3720930232558142) (47,43),(0.7327586206896551,1.3953488372093026) (47,39),(0.7327586206896551,1.5116279069767444) 
(47,37),(0.7327586206896551,1.4767441860465118) (47,32),(0.7327586206896551,1.3720930232558142) (47,34),(0.7327586206896551,1.2441860465116281) (47,34),(0.7327586206896551,1.3720930232558142) (47,41),(0.7327586206896551,1.5232558139534884) 
(47,32),(0.7327586206896551,1.3372093023255816) (47,41),(0.7327586206896551,1.4418604651162794) (47,41),(0.7327586206896551,1.4651162790697678) (47,35),(0.7327586206896551,1.3953488372093026) (47,35),(0.7327586206896551,1.3372093023255816) 
(47,33),(0.7327586206896551,1.5000000000000002) (47,51),(0.7327586206896551,0.6816326530612246) (47,48),(0.7327586206896551,0.6775510204081633) (47,39),(0.7327586206896551,0.7387755102040817) (47,49),(0.7327586206896551,0.726530612244898) 
(47,45),(0.6896551724137931,1.5813953488372094) (47,32),(0.6896551724137931,1.2093023255813955) (47,32),(0.6896551724137931,1.3488372093023258) (47,44),(0.6896551724137931,1.5000000000000002) (47,32),(0.6896551724137931,1.3372093023255816) 
(47,37),(0.6896551724137931,1.3953488372093026) (47,37),(0.6896551724137931,1.3720930232558142) (47,43),(0.6896551724137931,1.3953488372093026) (47,39),(0.6896551724137931,1.5116279069767444) (47,37),(0.6896551724137931,1.4767441860465118) 
(47,32),(0.6896551724137931,1.3720930232558142) (47,34),(0.6896551724137931,1.2441860465116281) (47,34),(0.6896551724137931,1.3720930232558142) (47,41),(0.6896551724137931,1.5232558139534884) (47,32),(0.6896551724137931,1.3372093023255816) 
(47,41),(0.6896551724137931,1.4418604651162794) (47,41),(0.6896551724137931,1.4651162790697678) (47,35),(0.6896551724137931,1.3953488372093026) (47,35),(0.6896551724137931,1.3372093023255816) (47,33),(0.6896551724137931,1.5000000000000002) 
(47,51),(0.6896551724137931,0.6816326530612246) (47,48),(0.6896551724137931,0.6775510204081633) (47,42),(0.6896551724137931,0.7020408163265306) (47,38),(0.6896551724137931,0.689795918367347) (47,40),(0.6896551724137931,0.6979591836734693) 
(47,39),(0.6896551724137931,0.7387755102040817) (47,45),(0.6896551724137931,0.6979591836734694) (47,45),(0.8275862068965517,1.5813953488372094) (47,32),(0.8275862068965517,1.2093023255813955) (47,32),(0.8275862068965517,1.3488372093023258) 
(47,44),(0.8275862068965517,1.5000000000000002) (47,32),(0.8275862068965517,1.3372093023255816) (47,37),(0.8275862068965517,1.3953488372093026) (47,37),(0.8275862068965517,1.3720930232558142) (47,43),(0.8275862068965517,1.3953488372093026) 
(47,39),(0.8275862068965517,1.5116279069767444) (47,37),(0.8275862068965517,1.4767441860465118) (47,32),(0.8275862068965517,1.3720930232558142) (47,34),(0.8275862068965517,1.2441860465116281) (47,34),(0.8275862068965517,1.3720930232558142) 
(47,41),(0.8275862068965517,1.5232558139534884) (47,32),(0.8275862068965517,1.3372093023255816) (47,41),(0.8275862068965517,1.4418604651162794) (47,41),(0.8275862068965517,1.4651162790697678) (47,35),(0.8275862068965517,1.3953488372093026) 
(47,35),(0.8275862068965517,1.3372093023255816) (47,33),(0.8275862068965517,1.5000000000000002) (47,51),(0.8275862068965517,0.763265306122449) (47,51),(0.8275862068965517,0.6816326530612246) (47,51),(0.8275862068965517,0.7346938775510206) 
(47,48),(0.8275862068965517,0.6775510204081633) (47,49),(0.8275862068965517,0.7387755102040816) (47,49),(0.8275862068965517,0.726530612244898) (45,47),(1.5813953488372094,1.5348837209302328) (45,51),(1.5813953488372094,1.5232558139534884) 
(45,50),(1.5813953488372094,1.558139534883721) (45,50),(1.5813953488372094,1.5) (45,51),(1.5813953488372094,0.763265306122449) (45,51),(1.5813953488372094,0.6816326530612246) (45,51),(1.5813953488372094,0.7346938775510206) 
(45,48),(1.5813953488372094,0.6775510204081633) (45,49),(1.5813953488372094,0.7387755102040816) (45,49),(1.5813953488372094,0.726530612244898) (45,47),(1.5813953488372094,0.7183673469387757) (32,51),(1.2093023255813955,0.763265306122449) 
(32,51),(1.2093023255813955,0.6816326530612246) (32,51),(1.2093023255813955,0.7346938775510206) (32,45),(1.2093023255813955,0.653061224489796) (32,48),(1.2093023255813955,0.6775510204081633) (32,36),(1.2093023255813955,0.636734693877551) 
(32,49),(1.2093023255813955,0.7387755102040816) (32,42),(1.2093023255813955,0.7020408163265306) (32,33),(1.2093023255813955,0.653061224489796) (32,38),(1.2093023255813955,0.689795918367347) (32,38),(1.2093023255813955,0.6367346938775511) 
(32,44),(1.2093023255813955,0.616326530612245) (32,33),(1.2093023255813955,0.6816326530612244) (32,39),(1.2093023255813955,0.6408163265306123) (32,40),(1.2093023255813955,0.6979591836734693) (32,39),(1.2093023255813955,0.7387755102040817) 
(32,49),(1.2093023255813955,0.726530612244898) (32,34),(1.2093023255813955,0.6448979591836735) (32,45),(1.2093023255813955,0.6979591836734694) (32,34),(1.2093023255813955,0.6285714285714287) (32,41),(1.2093023255813955,0.6367346938775511) 
(32,47),(1.2093023255813955,0.7183673469387757) (32,34),(1.3488372093023258,1.2441860465116281) (32,35),(1.3488372093023258,1.3372093023255816) (32,51),(1.3488372093023258,0.763265306122449) (32,51),(1.3488372093023258,0.6816326530612246) 
(32,51),(1.3488372093023258,0.7346938775510206) (32,45),(1.3488372093023258,0.653061224489796) (32,48),(1.3488372093023258,0.6775510204081633) (32,36),(1.3488372093023258,0.636734693877551) (32,49),(1.3488372093023258,0.7387755102040816) 
(32,42),(1.3488372093023258,0.7020408163265306) (32,33),(1.3488372093023258,0.653061224489796) (32,38),(1.3488372093023258,0.689795918367347) (32,38),(1.3488372093023258,0.6367346938775511) (32,44),(1.3488372093023258,0.616326530612245) 
(32,33),(1.3488372093023258,0.6816326530612244) (32,39),(1.3488372093023258,0.6408163265306123) (32,40),(1.3488372093023258,0.6979591836734693) (32,39),(1.3488372093023258,0.7387755102040817) (32,49),(1.3488372093023258,0.726530612244898) 
(32,34),(1.3488372093023258,0.6448979591836735) (32,45),(1.3488372093023258,0.6979591836734694) (32,34),(1.3488372093023258,0.6285714285714287) (32,41),(1.3488372093023258,0.6367346938775511) (32,47),(1.3488372093023258,0.7183673469387757) 
(44,39),(1.5000000000000002,1.5116279069767444) (44,41),(1.5000000000000002,1.5232558139534884) (44,50),(1.5000000000000002,1.5) (44,51),(1.5000000000000002,0.763265306122449) (44,51),(1.5000000000000002,0.6816326530612246) 
(44,51),(1.5000000000000002,0.7346938775510206) (44,45),(1.5000000000000002,0.653061224489796) (44,48),(1.5000000000000002,0.6775510204081633) (44,49),(1.5000000000000002,0.7387755102040816) (44,49),(1.5000000000000002,0.726530612244898) 
(44,45),(1.5000000000000002,0.6979591836734694) (44,47),(1.5000000000000002,0.7183673469387757) (32,34),(1.3372093023255816,1.2441860465116281) (32,51),(1.3372093023255816,0.763265306122449) (32,51),(1.3372093023255816,0.6816326530612246) 
(32,51),(1.3372093023255816,0.7346938775510206) (32,45),(1.3372093023255816,0.653061224489796) (32,48),(1.3372093023255816,0.6775510204081633) (32,36),(1.3372093023255816,0.636734693877551) (32,49),(1.3372093023255816,0.7387755102040816) 
(32,42),(1.3372093023255816,0.7020408163265306) (32,33),(1.3372093023255816,0.653061224489796) (32,38),(1.3372093023255816,0.689795918367347) (32,38),(1.3372093023255816,0.6367346938775511) (32,44),(1.3372093023255816,0.616326530612245) 
(32,33),(1.3372093023255816,0.6816326530612244) (32,39),(1.3372093023255816,0.6408163265306123) (32,40),(1.3372093023255816,0.6979591836734693) (32,39),(1.3372093023255816,0.7387755102040817) (32,49),(1.3372093023255816,0.726530612244898) 
(32,34),(1.3372093023255816,0.6448979591836735) (32,45),(1.3372093023255816,0.6979591836734694) (32,34),(1.3372093023255816,0.6285714285714287) (32,41),(1.3372093023255816,0.6367346938775511) (32,47),(1.3372093023255816,0.7183673469387757) 
(37,33),(1.3953488372093026,1.5000000000000002) (37,51),(1.3953488372093026,0.763265306122449) (37,51),(1.3953488372093026,0.6816326530612246) (37,51),(1.3953488372093026,0.7346938775510206) (37,45),(1.3953488372093026,0.653061224489796) 
(37,48),(1.3953488372093026,0.6775510204081633) (37,49),(1.3953488372093026,0.7387755102040816) (37,42),(1.3953488372093026,0.7020408163265306) (37,38),(1.3953488372093026,0.689795918367347) (37,38),(1.3953488372093026,0.6367346938775511) 
(37,44),(1.3953488372093026,0.616326530612245) (37,39),(1.3953488372093026,0.6408163265306123) (37,40),(1.3953488372093026,0.6979591836734693) (37,39),(1.3953488372093026,0.7387755102040817) (37,49),(1.3953488372093026,0.726530612244898) 
(37,45),(1.3953488372093026,0.6979591836734694) (37,41),(1.3953488372093026,0.6367346938775511) (37,47),(1.3953488372093026,0.7183673469387757) (37,35),(1.3720930232558142,1.3953488372093026) (37,33),(1.3720930232558142,1.5000000000000002) 
(37,51),(1.3720930232558142,0.763265306122449) (37,51),(1.3720930232558142,0.6816326530612246) (37,51),(1.3720930232558142,0.7346938775510206) (37,45),(1.3720930232558142,0.653061224489796) (37,48),(1.3720930232558142,0.6775510204081633) 
(37,49),(1.3720930232558142,0.7387755102040816) (37,42),(1.3720930232558142,0.7020408163265306) (37,38),(1.3720930232558142,0.689795918367347) (37,38),(1.3720930232558142,0.6367346938775511) (37,44),(1.3720930232558142,0.616326530612245) 
(37,39),(1.3720930232558142,0.6408163265306123) (37,40),(1.3720930232558142,0.6979591836734693) (37,39),(1.3720930232558142,0.7387755102040817) (37,49),(1.3720930232558142,0.726530612244898) (37,45),(1.3720930232558142,0.6979591836734694) 
(37,41),(1.3720930232558142,0.6367346938775511) (37,47),(1.3720930232558142,0.7183673469387757) (43,39),(1.3953488372093026,1.5116279069767444) (43,37),(1.3953488372093026,1.4767441860465118) (43,41),(1.3953488372093026,1.5232558139534884) 
(43,41),(1.3953488372093026,1.4418604651162794) (43,41),(1.3953488372093026,1.4651162790697678) (43,33),(1.3953488372093026,1.5000000000000002) (43,51),(1.3953488372093026,0.763265306122449) (43,51),(1.3953488372093026,0.6816326530612246) 
(43,51),(1.3953488372093026,0.7346938775510206) (43,45),(1.3953488372093026,0.653061224489796) (43,48),(1.3953488372093026,0.6775510204081633) (43,49),(1.3953488372093026,0.7387755102040816) (43,44),(1.3953488372093026,0.616326530612245) 
(43,49),(1.3953488372093026,0.726530612244898) (43,45),(1.3953488372093026,0.6979591836734694) (43,47),(1.3953488372093026,0.7183673469387757) (47,51),(1.5348837209302328,1.5232558139534884) (47,50),(1.5348837209302328,1.5) 
(47,51),(1.5348837209302328,0.763265306122449) (47,51),(1.5348837209302328,0.6816326530612246) (47,51),(1.5348837209302328,0.7346938775510206) (47,48),(1.5348837209302328,0.6775510204081633) (47,49),(1.5348837209302328,0.7387755102040816) 
(47,49),(1.5348837209302328,0.726530612244898) (39,50),(1.5116279069767444,1.5) (39,41),(1.5116279069767444,1.4418604651162794) (39,41),(1.5116279069767444,1.4651162790697678) (39,51),(1.5116279069767444,0.763265306122449) 
(39,51),(1.5116279069767444,0.6816326530612246) (39,51),(1.5116279069767444,0.7346938775510206) (39,45),(1.5116279069767444,0.653061224489796) (39,48),(1.5116279069767444,0.6775510204081633) (39,49),(1.5116279069767444,0.7387755102040816) 
(39,42),(1.5116279069767444,0.7020408163265306) (39,44),(1.5116279069767444,0.616326530612245) (39,40),(1.5116279069767444,0.6979591836734693) (39,49),(1.5116279069767444,0.726530612244898) (39,45),(1.5116279069767444,0.6979591836734694) 
(39,41),(1.5116279069767444,0.6367346938775511) (39,47),(1.5116279069767444,0.7183673469387757) (37,41),(1.4767441860465118,1.4418604651162794) (37,41),(1.4767441860465118,1.4651162790697678) (37,33),(1.4767441860465118,1.5000000000000002) 
(37,51),(1.4767441860465118,0.763265306122449) (37,51),(1.4767441860465118,0.6816326530612246) (37,51),(1.4767441860465118,0.7346938775510206) (37,45),(1.4767441860465118,0.653061224489796) (37,48),(1.4767441860465118,0.6775510204081633) 
(37,49),(1.4767441860465118,0.7387755102040816) (37,42),(1.4767441860465118,0.7020408163265306) (37,38),(1.4767441860465118,0.689795918367347) (37,38),(1.4767441860465118,0.6367346938775511) (37,44),(1.4767441860465118,0.616326530612245) 
(37,39),(1.4767441860465118,0.6408163265306123) (37,40),(1.4767441860465118,0.6979591836734693) (37,39),(1.4767441860465118,0.7387755102040817) (37,49),(1.4767441860465118,0.726530612244898) (37,45),(1.4767441860465118,0.6979591836734694) 
(37,41),(1.4767441860465118,0.6367346938775511) (37,47),(1.4767441860465118,0.7183673469387757) (51,50),(1.5232558139534884,1.558139534883721) (51,50),(1.5232558139534884,1.6511627906976747) (32,34),(1.3720930232558142,1.2441860465116281) 
(32,35),(1.3720930232558142,1.3372093023255816) (32,51),(1.3720930232558142,0.763265306122449) (32,51),(1.3720930232558142,0.6816326530612246) (32,51),(1.3720930232558142,0.7346938775510206) (32,45),(1.3720930232558142,0.653061224489796) 
(32,48),(1.3720930232558142,0.6775510204081633) (32,36),(1.3720930232558142,0.636734693877551) (32,49),(1.3720930232558142,0.7387755102040816) (32,42),(1.3720930232558142,0.7020408163265306) (32,33),(1.3720930232558142,0.653061224489796) 
(32,38),(1.3720930232558142,0.689795918367347) (32,38),(1.3720930232558142,0.6367346938775511) (32,44),(1.3720930232558142,0.616326530612245) (32,33),(1.3720930232558142,0.6816326530612244) (32,39),(1.3720930232558142,0.6408163265306123) 
(32,40),(1.3720930232558142,0.6979591836734693) (32,39),(1.3720930232558142,0.7387755102040817) (32,49),(1.3720930232558142,0.726530612244898) (32,34),(1.3720930232558142,0.6448979591836735) (32,45),(1.3720930232558142,0.6979591836734694) 
(32,34),(1.3720930232558142,0.6285714285714287) (32,41),(1.3720930232558142,0.6367346938775511) (32,47),(1.3720930232558142,0.7183673469387757) (34,32),(1.2441860465116281,1.3372093023255816) (34,33),(1.2441860465116281,1.5000000000000002) 
(34,51),(1.2441860465116281,0.763265306122449) (34,51),(1.2441860465116281,0.6816326530612246) (34,51),(1.2441860465116281,0.7346938775510206) (34,45),(1.2441860465116281,0.653061224489796) (34,48),(1.2441860465116281,0.6775510204081633) 
(34,36),(1.2441860465116281,0.636734693877551) (34,49),(1.2441860465116281,0.7387755102040816) (34,42),(1.2441860465116281,0.7020408163265306) (34,38),(1.2441860465116281,0.689795918367347) (34,38),(1.2441860465116281,0.6367346938775511) 
(34,44),(1.2441860465116281,0.616326530612245) (34,39),(1.2441860465116281,0.6408163265306123) (34,40),(1.2441860465116281,0.6979591836734693) (34,39),(1.2441860465116281,0.7387755102040817) (34,49),(1.2441860465116281,0.726530612244898) 
(34,45),(1.2441860465116281,0.6979591836734694) (34,41),(1.2441860465116281,0.6367346938775511) (34,47),(1.2441860465116281,0.7183673469387757) (50,51),(1.558139534883721,0.763265306122449) (50,51),(1.558139534883721,0.6816326530612246) 
(50,51),(1.558139534883721,0.7346938775510206) (34,35),(1.3720930232558142,1.3372093023255816) (34,33),(1.3720930232558142,1.5000000000000002) (34,51),(1.3720930232558142,0.763265306122449) (34,51),(1.3720930232558142,0.6816326530612246) 
(34,51),(1.3720930232558142,0.7346938775510206) (34,45),(1.3720930232558142,0.653061224489796) (34,48),(1.3720930232558142,0.6775510204081633) (34,36),(1.3720930232558142,0.636734693877551) (34,49),(1.3720930232558142,0.7387755102040816) 
(34,42),(1.3720930232558142,0.7020408163265306) (34,38),(1.3720930232558142,0.689795918367347) (34,38),(1.3720930232558142,0.6367346938775511) (34,44),(1.3720930232558142,0.616326530612245) (34,39),(1.3720930232558142,0.6408163265306123) 
(34,40),(1.3720930232558142,0.6979591836734693) (34,39),(1.3720930232558142,0.7387755102040817) (34,49),(1.3720930232558142,0.726530612244898) (34,45),(1.3720930232558142,0.6979591836734694) (34,41),(1.3720930232558142,0.6367346938775511) 
(34,47),(1.3720930232558142,0.7183673469387757) (41,50),(1.5232558139534884,1.5) (41,51),(1.5232558139534884,0.763265306122449) (41,51),(1.5232558139534884,0.6816326530612246) (41,51),(1.5232558139534884,0.7346938775510206) 
(41,45),(1.5232558139534884,0.653061224489796) (41,48),(1.5232558139534884,0.6775510204081633) (41,49),(1.5232558139534884,0.7387755102040816) (41,42),(1.5232558139534884,0.7020408163265306) (41,44),(1.5232558139534884,0.616326530612245) 
(41,49),(1.5232558139534884,0.726530612244898) (41,45),(1.5232558139534884,0.6979591836734694) (41,47),(1.5232558139534884,0.7183673469387757) (50,51),(1.6511627906976747,0.763265306122449) (50,51),(1.6511627906976747,0.6816326530612246) 
(50,51),(1.6511627906976747,0.7346938775510206) (50,33),(1.5,1.5000000000000002) (50,51),(1.5,0.763265306122449) (50,51),(1.5,0.6816326530612246) (50,51),(1.5,0.7346938775510206) 
(32,51),(1.3372093023255816,0.763265306122449) (32,51),(1.3372093023255816,0.6816326530612246) (32,51),(1.3372093023255816,0.7346938775510206) (32,45),(1.3372093023255816,0.653061224489796) (32,48),(1.3372093023255816,0.6775510204081633) 
(32,36),(1.3372093023255816,0.636734693877551) (32,49),(1.3372093023255816,0.7387755102040816) (32,42),(1.3372093023255816,0.7020408163265306) (32,33),(1.3372093023255816,0.653061224489796) (32,38),(1.3372093023255816,0.689795918367347) 
(32,38),(1.3372093023255816,0.6367346938775511) (32,44),(1.3372093023255816,0.616326530612245) (32,33),(1.3372093023255816,0.6816326530612244) (32,39),(1.3372093023255816,0.6408163265306123) (32,40),(1.3372093023255816,0.6979591836734693) 
(32,39),(1.3372093023255816,0.7387755102040817) (32,49),(1.3372093023255816,0.726530612244898) (32,34),(1.3372093023255816,0.6448979591836735) (32,45),(1.3372093023255816,0.6979591836734694) (32,34),(1.3372093023255816,0.6285714285714287) 
(32,41),(1.3372093023255816,0.6367346938775511) (32,47),(1.3372093023255816,0.7183673469387757) (41,33),(1.4418604651162794,1.5000000000000002) (41,51),(1.4418604651162794,0.763265306122449) (41,51),(1.4418604651162794,0.6816326530612246) 
(41,51),(1.4418604651162794,0.7346938775510206) (41,45),(1.4418604651162794,0.653061224489796) (41,48),(1.4418604651162794,0.6775510204081633) (41,49),(1.4418604651162794,0.7387755102040816) (41,42),(1.4418604651162794,0.7020408163265306) 
(41,44),(1.4418604651162794,0.616326530612245) (41,49),(1.4418604651162794,0.726530612244898) (41,45),(1.4418604651162794,0.6979591836734694) (41,47),(1.4418604651162794,0.7183673469387757) (41,33),(1.4651162790697678,1.5000000000000002) 
(41,51),(1.4651162790697678,0.763265306122449) (41,51),(1.4651162790697678,0.6816326530612246) (41,51),(1.4651162790697678,0.7346938775510206) (41,45),(1.4651162790697678,0.653061224489796) (41,48),(1.4651162790697678,0.6775510204081633) 
(41,49),(1.4651162790697678,0.7387755102040816) (41,42),(1.4651162790697678,0.7020408163265306) (41,44),(1.4651162790697678,0.616326530612245) (41,49),(1.4651162790697678,0.726530612244898) (41,45),(1.4651162790697678,0.6979591836734694) 
(41,47),(1.4651162790697678,0.7183673469387757) (35,33),(1.3953488372093026,1.5000000000000002) (35,51),(1.3953488372093026,0.763265306122449) (35,51),(1.3953488372093026,0.6816326530612246) (35,51),(1.3953488372093026,0.7346938775510206) 
(35,45),(1.3953488372093026,0.653061224489796) (35,48),(1.3953488372093026,0.6775510204081633) (35,36),(1.3953488372093026,0.636734693877551) (35,49),(1.3953488372093026,0.7387755102040816) (35,42),(1.3953488372093026,0.7020408163265306) 
(35,38),(1.3953488372093026,0.689795918367347) (35,38),(1.3953488372093026,0.6367346938775511) (35,44),(1.3953488372093026,0.616326530612245) (35,39),(1.3953488372093026,0.6408163265306123) (35,40),(1.3953488372093026,0.6979591836734693) 
(35,39),(1.3953488372093026,0.7387755102040817) (35,49),(1.3953488372093026,0.726530612244898) (35,45),(1.3953488372093026,0.6979591836734694) (35,41),(1.3953488372093026,0.6367346938775511) (35,47),(1.3953488372093026,0.7183673469387757) 
(35,33),(1.3372093023255816,1.5000000000000002) (35,51),(1.3372093023255816,0.763265306122449) (35,51),(1.3372093023255816,0.6816326530612246) (35,51),(1.3372093023255816,0.7346938775510206) (35,45),(1.3372093023255816,0.653061224489796) 
(35,48),(1.3372093023255816,0.6775510204081633) (35,36),(1.3372093023255816,0.636734693877551) (35,49),(1.3372093023255816,0.7387755102040816) (35,42),(1.3372093023255816,0.7020408163265306) (35,38),(1.3372093023255816,0.689795918367347) 
(35,38),(1.3372093023255816,0.6367346938775511) (35,44),(1.3372093023255816,0.616326530612245) (35,39),(1.3372093023255816,0.6408163265306123) (35,40),(1.3372093023255816,0.6979591836734693) (35,39),(1.3372093023255816,0.7387755102040817) 
(35,49),(1.3372093023255816,0.726530612244898) (35,45),(1.3372093023255816,0.6979591836734694) (35,41),(1.3372093023255816,0.6367346938775511) (35,47),(1.3372093023255816,0.7183673469387757) (33,51),(1.5000000000000002,0.763265306122449) 
(33,51),(1.5000000000000002,0.6816326530612246) (33,51),(1.5000000000000002,0.7346938775510206) (33,45),(1.5000000000000002,0.653061224489796) (33,48),(1.5000000000000002,0.6775510204081633) (33,36),(1.5000000000000002,0.636734693877551) 
(33,49),(1.5000000000000002,0.7387755102040816) (33,42),(1.5000000000000002,0.7020408163265306) (33,38),(1.5000000000000002,0.689795918367347) (33,38),(1.5000000000000002,0.6367346938775511) (33,44),(1.5000000000000002,0.616326530612245) 
(33,39),(1.5000000000000002,0.6408163265306123) (33,40),(1.5000000000000002,0.6979591836734693) (33,39),(1.5000000000000002,0.7387755102040817) (33,49),(1.5000000000000002,0.726530612244898) (33,34),(1.5000000000000002,0.6448979591836735) 
(33,45),(1.5000000000000002,0.6979591836734694) (33,34),(1.5000000000000002,0.6285714285714287) (33,41),(1.5000000000000002,0.6367346938775511) (33,47),(1.5000000000000002,0.7183673469387757) (51,49),(0.6816326530612246,0.7387755102040816) 
(51,42),(0.6816326530612246,0.7020408163265306) (51,38),(0.6816326530612246,0.689795918367347) (51,40),(0.6816326530612246,0.6979591836734693) (51,39),(0.6816326530612246,0.7387755102040817) (51,49),(0.6816326530612246,0.726530612244898) 
(51,45),(0.6816326530612246,0.6979591836734694) (51,47),(0.6816326530612246,0.7183673469387757) (51,49),(0.7346938775510206,0.7387755102040816) (51,39),(0.7346938775510206,0.7387755102040817) (45,42),(0.653061224489796,0.7020408163265306) 
(45,38),(0.653061224489796,0.689795918367347) (45,33),(0.653061224489796,0.6816326530612244) (45,40),(0.653061224489796,0.6979591836734693) (45,39),(0.653061224489796,0.7387755102040817) (32,44),(0.6204081632653061,0.616326530612245) 
(48,42),(0.6775510204081633,0.7020408163265306) (48,38),(0.6775510204081633,0.689795918367347) (48,33),(0.6775510204081633,0.6816326530612244) (48,40),(0.6775510204081633,0.6979591836734693) (48,39),(0.6775510204081633,0.7387755102040817) 
(48,45),(0.6775510204081633,0.6979591836734694) (48,47),(0.6775510204081633,0.7183673469387757) (36,33),(0.636734693877551,0.653061224489796) (36,44),(0.636734693877551,0.616326530612245) (36,33),(0.636734693877551,0.6816326530612244) 
(36,34),(0.636734693877551,0.6448979591836735) (49,39),(0.7387755102040816,0.7387755102040817) (42,44),(0.7020408163265306,0.616326530612245) (42,39),(0.7020408163265306,0.7387755102040817) (42,45),(0.7020408163265306,0.6979591836734694) 
(33,38),(0.653061224489796,0.6367346938775511) (33,44),(0.653061224489796,0.616326530612245) (33,39),(0.653061224489796,0.6408163265306123) (33,34),(0.653061224489796,0.6448979591836735) (33,34),(0.653061224489796,0.6285714285714287) 
(33,41),(0.653061224489796,0.6367346938775511) (38,44),(0.689795918367347,0.616326530612245) (38,39),(0.689795918367347,0.6408163265306123) (38,41),(0.689795918367347,0.6367346938775511) (38,44),(0.6367346938775511,0.616326530612245) 
(38,33),(0.6367346938775511,0.6816326530612244) (38,34),(0.6367346938775511,0.6448979591836735) (44,33),(0.616326530612245,0.6816326530612244) (44,39),(0.616326530612245,0.6408163265306123) (44,40),(0.616326530612245,0.6979591836734693) 
(44,39),(0.616326530612245,0.7387755102040817) (44,34),(0.616326530612245,0.6448979591836735) (44,34),(0.616326530612245,0.6285714285714287) (44,41),(0.616326530612245,0.6367346938775511) (33,39),(0.6816326530612244,0.6408163265306123) 
(33,34),(0.6816326530612244,0.6448979591836735) (33,34),(0.6816326530612244,0.6285714285714287) (33,41),(0.6816326530612244,0.6367346938775511) (39,34),(0.6408163265306123,0.6448979591836735) (39,41),(0.6408163265306123,0.6367346938775511) 
(40,39),(0.6979591836734693,0.7387755102040817) (40,41),(0.6979591836734693,0.6367346938775511) (39,49),(0.7387755102040817,0.726530612244898) (39,45),(0.7387755102040817,0.6979591836734694) (39,41),(0.7387755102040817,0.6367346938775511) 
(39,47),(0.7387755102040817,0.7183673469387757) (34,41),(0.6448979591836735,0.6367346938775511) 0.4137420718816068
